  1.000E+00  1.000E+00  1.000E+00  1.000E+00 -6.667E-01 -6.667E-01  3.333E-01  0.000E+00  0.000E+00  0.000E+00  0.000E+00
  1.250E+00  1.347E+00  1.347E+00  8.618E-01 -7.181E-01 -7.181E-01  2.298E-01 -4.273E-09  0.000E+00  0.000E+00  0.000E+00
  1.500E+00  1.717E+00  1.717E+00  7.631E-01 -7.631E-01 -7.631E-01  1.696E-01 -4.028E-09  0.000E+00  0.000E+00  0.000E+00
  1.750E+00  2.109E+00  2.109E+00  6.886E-01 -8.034E-01 -8.034E-01  1.312E-01 -3.292E-09  0.000E+00  0.000E+00  0.000E+00
  2.000E+00  2.520E+00  2.520E+00  6.300E-01 -8.399E-01 -8.399E-01  1.050E-01 -2.644E-09  0.000E+00  0.000E+00  0.000E+00
  2.250E+00  2.948E+00  2.948E+00  5.824E-01 -8.736E-01 -8.736E-01  8.628E-02 -2.140E-09  0.000E+00  0.000E+00  0.000E+00
  2.500E+00  3.393E+00  3.393E+00  5.429E-01 -9.048E-01 -9.048E-01  7.238E-02 -1.758E-09  0.000E+00  0.000E+00  0.000E+00
  2.750E+00  3.853E+00  3.853E+00  5.095E-01 -9.340E-01 -9.340E-01  6.175E-02 -1.465E-09  0.000E+00  0.000E+00  0.000E+00
  3.000E+00  4.327E+00  4.327E+00  4.807E-01 -9.615E-01 -9.615E-01  5.342E-02 -1.237E-09  0.000E+00  0.000E+00  0.000E+00
  3.250E+00  4.814E+00  4.814E+00  4.558E-01 -9.875E-01 -9.875E-01  4.675E-02 -1.058E-09  0.000E+00  0.000E+00  0.000E+00
  3.500E+00  5.314E+00  5.314E+00  4.338E-01 -1.012E+00 -1.012E+00  4.131E-02 -9.139E-10  0.000E+00  0.000E+00  0.000E+00
  3.750E+00  5.826E+00  5.826E+00  4.143E-01 -1.036E+00 -1.036E+00  3.683E-02 -7.974E-10  0.000E+00  0.000E+00  0.000E+00
  4.000E+00  6.350E+00  6.350E+00  3.969E-01 -1.058E+00 -1.058E+00  3.307E-02 -7.016E-10  0.000E+00  0.000E+00  0.000E+00
  4.250E+00  6.884E+00  6.884E+00  3.811E-01 -1.080E+00 -1.080E+00  2.989E-02 -6.220E-10  0.000E+00  0.000E+00  0.000E+00
  4.500E+00  7.429E+00  7.429E+00  3.669E-01 -1.101E+00 -1.101E+00  2.718E-02 -5.552E-10  0.000E+00  0.000E+00  0.000E+00
  4.750E+00  7.985E+00  7.985E+00  3.539E-01 -1.121E+00 -1.121E+00  2.483E-02 -4.985E-10  0.000E+00  0.000E+00  0.000E+00
  5.000E+00  8.550E+00  8.550E+00  3.420E-01 -1.140E+00 -1.140E+00  2.280E-02 -4.501E-10  0.000E+00  0.000E+00  0.000E+00
  5.250E+00  9.125E+00  9.125E+00  3.311E-01 -1.159E+00 -1.159E+00  2.102E-02 -4.083E-10  0.000E+00  0.000E+00  0.000E+00
  5.500E+00  9.708E+00  9.708E+00  3.209E-01 -1.177E+00 -1.177E+00  1.945E-02 -3.721E-10  0.000E+00  0.000E+00  0.000E+00
  5.750E+00  1.030E+01  1.030E+01  3.116E-01 -1.194E+00 -1.194E+00  1.806E-02 -3.405E-10  0.000E+00  0.000E+00  0.000E+00
  6.000E+00  1.090E+01  1.090E+01  3.029E-01 -1.211E+00 -1.211E+00  1.683E-02 -3.128E-10  0.000E+00  0.000E+00  0.000E+00
  6.250E+00  1.151E+01  1.151E+01  2.947E-01 -1.228E+00 -1.228E+00  1.572E-02 -2.883E-10  0.000E+00  0.000E+00  0.000E+00
  6.500E+00  1.213E+01  1.213E+01  2.871E-01 -1.244E+00 -1.244E+00  1.472E-02 -2.666E-10  0.000E+00  0.000E+00  0.000E+00
  6.750E+00  1.276E+01  1.276E+01  2.800E-01 -1.260E+00 -1.260E+00  1.383E-02 -2.472E-10  0.000E+00  0.000E+00  0.000E+00
  7.000E+00  1.339E+01  1.339E+01  2.733E-01 -1.275E+00 -1.275E+00  1.301E-02 -2.299E-10  0.000E+00  0.000E+00  0.000E+00
  7.250E+00  1.403E+01  1.403E+01  2.670E-01 -1.290E+00 -1.290E+00  1.227E-02 -2.143E-10  0.000E+00  0.000E+00  0.000E+00
  7.500E+00  1.468E+01  1.468E+01  2.610E-01 -1.305E+00 -1.305E+00  1.160E-02 -2.003E-10  0.000E+00  0.000E+00  0.000E+00
  7.750E+00  1.534E+01  1.534E+01  2.553E-01 -1.319E+00 -1.319E+00  1.098E-02 -1.876E-10  0.000E+00  0.000E+00  0.000E+00
  8.000E+00  1.600E+01  1.600E+01  2.500E-01 -1.333E+00 -1.333E+00  1.042E-02 -1.760E-10  0.000E+00  0.000E+00  0.000E+00
  8.250E+00  1.667E+01  1.667E+01  2.449E-01 -1.347E+00 -1.347E+00  9.896E-03 -1.655E-10  0.000E+00  0.000E+00  0.000E+00
  8.500E+00  1.735E+01  1.735E+01  2.401E-01 -1.361E+00 -1.361E+00  9.416E-03 -1.559E-10  0.000E+00  0.000E+00  0.000E+00
  8.750E+00  1.803E+01  1.803E+01  2.355E-01 -1.374E+00 -1.374E+00  8.972E-03 -1.472E-10  0.000E+00  0.000E+00  0.000E+00
  9.000E+00  1.872E+01  1.872E+01  2.311E-01 -1.387E+00 -1.387E+00  8.560E-03 -1.391E-10  0.000E+00  0.000E+00  0.000E+00
  9.250E+00  1.942E+01  1.942E+01  2.269E-01 -1.399E+00 -1.399E+00  8.178E-03 -1.317E-10  0.000E+00  0.000E+00  0.000E+00
  9.500E+00  2.012E+01  2.012E+01  2.229E-01 -1.412E+00 -1.412E+00  7.822E-03 -1.249E-10  0.000E+00  0.000E+00  0.000E+00
  9.750E+00  2.083E+01  2.083E+01  2.191E-01 -1.424E+00 -1.424E+00  7.491E-03 -1.185E-10  0.000E+00  0.000E+00  0.000E+00
  1.000E+01  2.154E+01  2.154E+01  2.154E-01 -1.436E+00 -1.436E+00  7.181E-03 -1.127E-10  0.000E+00  0.000E+00  0.000E+00
  1.025E+01  2.227E+01  2.227E+01  2.119E-01 -1.448E+00 -1.448E+00  6.892E-03 -1.073E-10  0.000E+00  0.000E+00  0.000E+00
  1.050E+01  2.299E+01  2.299E+01  2.085E-01 -1.460E+00 -1.460E+00  6.621E-03 -1.022E-10  0.000E+00  0.000E+00  0.000E+00
  1.075E+01  2.373E+01  2.373E+01  2.053E-01 -1.471E+00 -1.471E+00  6.366E-03 -9.751E-11  0.000E+00  0.000E+00  0.000E+00
  1.100E+01  2.446E+01  2.446E+01  2.022E-01 -1.483E+00 -1.483E+00  6.127E-03 -9.313E-11  0.000E+00  0.000E+00  0.000E+00
