# 7 more lines before the data
# 64 rows of data
# 18 columns of data
#  1.10000000E+01 cauchy time
# 21:53 07-Oct-2019 today's date
#   8   1   8  7.000E-01  0.000E+00  7.000E-01  2.44637823E+01  2.44637823E+01  2.02180092E-01 -1.48265352E+00 -1.48265352E+00  6.12666474E-03  6.14353163E-09  0.00000000E+00  0.00000000E+00  0.00000000E+00  1.00000001E+00  1.85086659E-09  : max
#   1   1   1  0.000E+00  0.000E+00  0.000E+00  2.44637823E+01  2.44637823E+01  2.02180092E-01 -1.48265352E+00 -1.48265352E+00  6.12666474E-03  6.14353163E-09  0.00000000E+00  0.00000000E+00  0.00000000E+00  1.00000001E+00  1.85086659E-09  : min
#   i   j   k      x          y          z           gxx             gyy             gzz             Kxx             Kyy             Kzz             Ham            Mom(x)          Mom(y)          Mom(z)           detg           trABar     
    1   1   1  0.000E+00  0.000E+00  0.000E+00  2.44637823E+01  2.44637823E+01  2.02180092E-01 -1.48265352E+00 -1.48265352E+00  6.12666474E-03  6.14353163E-09  0.00000000E+00  0.00000000E+00  0.00000000E+00  1.00000001E+00  1.85086659E-09 
    1   1   2  0.000E+00  0.000E+00  1.000E-01  2.44637823E+01  2.44637823E+01  2.02180092E-01 -1.48265352E+00 -1.48265352E+00  6.12666474E-03  6.14353163E-09  0.00000000E+00  0.00000000E+00  0.00000000E+00  1.00000001E+00  1.85086659E-09 
    1   1   3  0.000E+00  0.000E+00  2.000E-01  2.44637823E+01  2.44637823E+01  2.02180092E-01 -1.48265352E+00 -1.48265352E+00  6.12666474E-03  6.14353163E-09  0.00000000E+00  0.00000000E+00  0.00000000E+00  1.00000001E+00  1.85086659E-09 
    1   1   4  0.000E+00  0.000E+00  3.000E-01  2.44637823E+01  2.44637823E+01  2.02180092E-01 -1.48265352E+00 -1.48265352E+00  6.12666474E-03  6.14353163E-09  0.00000000E+00  0.00000000E+00  0.00000000E+00  1.00000001E+00  1.85086659E-09 
    1   1   5  0.000E+00  0.000E+00  4.000E-01  2.44637823E+01  2.44637823E+01  2.02180092E-01 -1.48265352E+00 -1.48265352E+00  6.12666474E-03  6.14353163E-09  0.00000000E+00  0.00000000E+00  0.00000000E+00  1.00000001E+00  1.85086659E-09 
    1   1   6  0.000E+00  0.000E+00  5.000E-01  2.44637823E+01  2.44637823E+01  2.02180092E-01 -1.48265352E+00 -1.48265352E+00  6.12666474E-03  6.14353163E-09  0.00000000E+00  0.00000000E+00  0.00000000E+00  1.00000001E+00  1.85086659E-09 
    1   1   7  0.000E+00  0.000E+00  6.000E-01  2.44637823E+01  2.44637823E+01  2.02180092E-01 -1.48265352E+00 -1.48265352E+00  6.12666474E-03  6.14353163E-09  0.00000000E+00  0.00000000E+00  0.00000000E+00  1.00000001E+00  1.85086659E-09 
    1   1   8  0.000E+00  0.000E+00  7.000E-01  2.44637823E+01  2.44637823E+01  2.02180092E-01 -1.48265352E+00 -1.48265352E+00  6.12666474E-03  6.14353163E-09  0.00000000E+00  0.00000000E+00  0.00000000E+00  1.00000001E+00  1.85086659E-09 
    2   1   1  1.000E-01  0.000E+00  0.000E+00  2.44637823E+01  2.44637823E+01  2.02180092E-01 -1.48265352E+00 -1.48265352E+00  6.12666474E-03  6.14353163E-09  0.00000000E+00  0.00000000E+00  0.00000000E+00  1.00000001E+00  1.85086659E-09 
    2   1   2  1.000E-01  0.000E+00  1.000E-01  2.44637823E+01  2.44637823E+01  2.02180092E-01 -1.48265352E+00 -1.48265352E+00  6.12666474E-03  6.14353163E-09  0.00000000E+00  0.00000000E+00  0.00000000E+00  1.00000001E+00  1.85086659E-09 
    2   1   3  1.000E-01  0.000E+00  2.000E-01  2.44637823E+01  2.44637823E+01  2.02180092E-01 -1.48265352E+00 -1.48265352E+00  6.12666474E-03  6.14353163E-09  0.00000000E+00  0.00000000E+00  0.00000000E+00  1.00000001E+00  1.85086659E-09 
    2   1   4  1.000E-01  0.000E+00  3.000E-01  2.44637823E+01  2.44637823E+01  2.02180092E-01 -1.48265352E+00 -1.48265352E+00  6.12666474E-03  6.14353163E-09  0.00000000E+00  0.00000000E+00  0.00000000E+00  1.00000001E+00  1.85086659E-09 
    2   1   5  1.000E-01  0.000E+00  4.000E-01  2.44637823E+01  2.44637823E+01  2.02180092E-01 -1.48265352E+00 -1.48265352E+00  6.12666474E-03  6.14353163E-09  0.00000000E+00  0.00000000E+00  0.00000000E+00  1.00000001E+00  1.85086659E-09 
    2   1   6  1.000E-01  0.000E+00  5.000E-01  2.44637823E+01  2.44637823E+01  2.02180092E-01 -1.48265352E+00 -1.48265352E+00  6.12666474E-03  6.14353163E-09  0.00000000E+00  0.00000000E+00  0.00000000E+00  1.00000001E+00  1.85086659E-09 
    2   1   7  1.000E-01  0.000E+00  6.000E-01  2.44637823E+01  2.44637823E+01  2.02180092E-01 -1.48265352E+00 -1.48265352E+00  6.12666474E-03  6.14353163E-09  0.00000000E+00  0.00000000E+00  0.00000000E+00  1.00000001E+00  1.85086659E-09 
    2   1   8  1.000E-01  0.000E+00  7.000E-01  2.44637823E+01  2.44637823E+01  2.02180092E-01 -1.48265352E+00 -1.48265352E+00  6.12666474E-03  6.14353163E-09  0.00000000E+00  0.00000000E+00  0.00000000E+00  1.00000001E+00  1.85086659E-09 
    3   1   1  2.000E-01  0.000E+00  0.000E+00  2.44637823E+01  2.44637823E+01  2.02180092E-01 -1.48265352E+00 -1.48265352E+00  6.12666474E-03  6.14353163E-09  0.00000000E+00  0.00000000E+00  0.00000000E+00  1.00000001E+00  1.85086659E-09 
    3   1   2  2.000E-01  0.000E+00  1.000E-01  2.44637823E+01  2.44637823E+01  2.02180092E-01 -1.48265352E+00 -1.48265352E+00  6.12666474E-03  6.14353163E-09  0.00000000E+00  0.00000000E+00  0.00000000E+00  1.00000001E+00  1.85086659E-09 
    3   1   3  2.000E-01  0.000E+00  2.000E-01  2.44637823E+01  2.44637823E+01  2.02180092E-01 -1.48265352E+00 -1.48265352E+00  6.12666474E-03  6.14353163E-09  0.00000000E+00  0.00000000E+00  0.00000000E+00  1.00000001E+00  1.85086659E-09 
    3   1   4  2.000E-01  0.000E+00  3.000E-01  2.44637823E+01  2.44637823E+01  2.02180092E-01 -1.48265352E+00 -1.48265352E+00  6.12666474E-03  6.14353163E-09  0.00000000E+00  0.00000000E+00  0.00000000E+00  1.00000001E+00  1.85086659E-09 
    3   1   5  2.000E-01  0.000E+00  4.000E-01  2.44637823E+01  2.44637823E+01  2.02180092E-01 -1.48265352E+00 -1.48265352E+00  6.12666474E-03  6.14353163E-09  0.00000000E+00  0.00000000E+00  0.00000000E+00  1.00000001E+00  1.85086659E-09 
    3   1   6  2.000E-01  0.000E+00  5.000E-01  2.44637823E+01  2.44637823E+01  2.02180092E-01 -1.48265352E+00 -1.48265352E+00  6.12666474E-03  6.14353163E-09  0.00000000E+00  0.00000000E+00  0.00000000E+00  1.00000001E+00  1.85086659E-09 
    3   1   7  2.000E-01  0.000E+00  6.000E-01  2.44637823E+01  2.44637823E+01  2.02180092E-01 -1.48265352E+00 -1.48265352E+00  6.12666474E-03  6.14353163E-09  0.00000000E+00  0.00000000E+00  0.00000000E+00  1.00000001E+00  1.85086659E-09 
    3   1   8  2.000E-01  0.000E+00  7.000E-01  2.44637823E+01  2.44637823E+01  2.02180092E-01 -1.48265352E+00 -1.48265352E+00  6.12666474E-03  6.14353163E-09  0.00000000E+00  0.00000000E+00  0.00000000E+00  1.00000001E+00  1.85086659E-09 
    4   1   1  3.000E-01  0.000E+00  0.000E+00  2.44637823E+01  2.44637823E+01  2.02180092E-01 -1.48265352E+00 -1.48265352E+00  6.12666474E-03  6.14353163E-09  0.00000000E+00  0.00000000E+00  0.00000000E+00  1.00000001E+00  1.85086659E-09 
    4   1   2  3.000E-01  0.000E+00  1.000E-01  2.44637823E+01  2.44637823E+01  2.02180092E-01 -1.48265352E+00 -1.48265352E+00  6.12666474E-03  6.14353163E-09  0.00000000E+00  0.00000000E+00  0.00000000E+00  1.00000001E+00  1.85086659E-09 
    4   1   3  3.000E-01  0.000E+00  2.000E-01  2.44637823E+01  2.44637823E+01  2.02180092E-01 -1.48265352E+00 -1.48265352E+00  6.12666474E-03  6.14353163E-09  0.00000000E+00  0.00000000E+00  0.00000000E+00  1.00000001E+00  1.85086659E-09 
    4   1   4  3.000E-01  0.000E+00  3.000E-01  2.44637823E+01  2.44637823E+01  2.02180092E-01 -1.48265352E+00 -1.48265352E+00  6.12666474E-03  6.14353163E-09  0.00000000E+00  0.00000000E+00  0.00000000E+00  1.00000001E+00  1.85086659E-09 
    4   1   5  3.000E-01  0.000E+00  4.000E-01  2.44637823E+01  2.44637823E+01  2.02180092E-01 -1.48265352E+00 -1.48265352E+00  6.12666474E-03  6.14353163E-09  0.00000000E+00  0.00000000E+00  0.00000000E+00  1.00000001E+00  1.85086659E-09 
    4   1   6  3.000E-01  0.000E+00  5.000E-01  2.44637823E+01  2.44637823E+01  2.02180092E-01 -1.48265352E+00 -1.48265352E+00  6.12666474E-03  6.14353163E-09  0.00000000E+00  0.00000000E+00  0.00000000E+00  1.00000001E+00  1.85086659E-09 
    4   1   7  3.000E-01  0.000E+00  6.000E-01  2.44637823E+01  2.44637823E+01  2.02180092E-01 -1.48265352E+00 -1.48265352E+00  6.12666474E-03  6.14353163E-09  0.00000000E+00  0.00000000E+00  0.00000000E+00  1.00000001E+00  1.85086659E-09 
    4   1   8  3.000E-01  0.000E+00  7.000E-01  2.44637823E+01  2.44637823E+01  2.02180092E-01 -1.48265352E+00 -1.48265352E+00  6.12666474E-03  6.14353163E-09  0.00000000E+00  0.00000000E+00  0.00000000E+00  1.00000001E+00  1.85086659E-09 
    5   1   1  4.000E-01  0.000E+00  0.000E+00  2.44637823E+01  2.44637823E+01  2.02180092E-01 -1.48265352E+00 -1.48265352E+00  6.12666474E-03  6.14353163E-09  0.00000000E+00  0.00000000E+00  0.00000000E+00  1.00000001E+00  1.85086659E-09 
    5   1   2  4.000E-01  0.000E+00  1.000E-01  2.44637823E+01  2.44637823E+01  2.02180092E-01 -1.48265352E+00 -1.48265352E+00  6.12666474E-03  6.14353163E-09  0.00000000E+00  0.00000000E+00  0.00000000E+00  1.00000001E+00  1.85086659E-09 
    5   1   3  4.000E-01  0.000E+00  2.000E-01  2.44637823E+01  2.44637823E+01  2.02180092E-01 -1.48265352E+00 -1.48265352E+00  6.12666474E-03  6.14353163E-09  0.00000000E+00  0.00000000E+00  0.00000000E+00  1.00000001E+00  1.85086659E-09 
    5   1   4  4.000E-01  0.000E+00  3.000E-01  2.44637823E+01  2.44637823E+01  2.02180092E-01 -1.48265352E+00 -1.48265352E+00  6.12666474E-03  6.14353163E-09  0.00000000E+00  0.00000000E+00  0.00000000E+00  1.00000001E+00  1.85086659E-09 
    5   1   5  4.000E-01  0.000E+00  4.000E-01  2.44637823E+01  2.44637823E+01  2.02180092E-01 -1.48265352E+00 -1.48265352E+00  6.12666474E-03  6.14353163E-09  0.00000000E+00  0.00000000E+00  0.00000000E+00  1.00000001E+00  1.85086659E-09 
    5   1   6  4.000E-01  0.000E+00  5.000E-01  2.44637823E+01  2.44637823E+01  2.02180092E-01 -1.48265352E+00 -1.48265352E+00  6.12666474E-03  6.14353163E-09  0.00000000E+00  0.00000000E+00  0.00000000E+00  1.00000001E+00  1.85086659E-09 
    5   1   7  4.000E-01  0.000E+00  6.000E-01  2.44637823E+01  2.44637823E+01  2.02180092E-01 -1.48265352E+00 -1.48265352E+00  6.12666474E-03  6.14353163E-09  0.00000000E+00  0.00000000E+00  0.00000000E+00  1.00000001E+00  1.85086659E-09 
    5   1   8  4.000E-01  0.000E+00  7.000E-01  2.44637823E+01  2.44637823E+01  2.02180092E-01 -1.48265352E+00 -1.48265352E+00  6.12666474E-03  6.14353163E-09  0.00000000E+00  0.00000000E+00  0.00000000E+00  1.00000001E+00  1.85086659E-09 
    6   1   1  5.000E-01  0.000E+00  0.000E+00  2.44637823E+01  2.44637823E+01  2.02180092E-01 -1.48265352E+00 -1.48265352E+00  6.12666474E-03  6.14353163E-09  0.00000000E+00  0.00000000E+00  0.00000000E+00  1.00000001E+00  1.85086659E-09 
    6   1   2  5.000E-01  0.000E+00  1.000E-01  2.44637823E+01  2.44637823E+01  2.02180092E-01 -1.48265352E+00 -1.48265352E+00  6.12666474E-03  6.14353163E-09  0.00000000E+00  0.00000000E+00  0.00000000E+00  1.00000001E+00  1.85086659E-09 
    6   1   3  5.000E-01  0.000E+00  2.000E-01  2.44637823E+01  2.44637823E+01  2.02180092E-01 -1.48265352E+00 -1.48265352E+00  6.12666474E-03  6.14353163E-09  0.00000000E+00  0.00000000E+00  0.00000000E+00  1.00000001E+00  1.85086659E-09 
    6   1   4  5.000E-01  0.000E+00  3.000E-01  2.44637823E+01  2.44637823E+01  2.02180092E-01 -1.48265352E+00 -1.48265352E+00  6.12666474E-03  6.14353163E-09  0.00000000E+00  0.00000000E+00  0.00000000E+00  1.00000001E+00  1.85086659E-09 
    6   1   5  5.000E-01  0.000E+00  4.000E-01  2.44637823E+01  2.44637823E+01  2.02180092E-01 -1.48265352E+00 -1.48265352E+00  6.12666474E-03  6.14353163E-09  0.00000000E+00  0.00000000E+00  0.00000000E+00  1.00000001E+00  1.85086659E-09 
    6   1   6  5.000E-01  0.000E+00  5.000E-01  2.44637823E+01  2.44637823E+01  2.02180092E-01 -1.48265352E+00 -1.48265352E+00  6.12666474E-03  6.14353163E-09  0.00000000E+00  0.00000000E+00  0.00000000E+00  1.00000001E+00  1.85086659E-09 
    6   1   7  5.000E-01  0.000E+00  6.000E-01  2.44637823E+01  2.44637823E+01  2.02180092E-01 -1.48265352E+00 -1.48265352E+00  6.12666474E-03  6.14353163E-09  0.00000000E+00  0.00000000E+00  0.00000000E+00  1.00000001E+00  1.85086659E-09 
    6   1   8  5.000E-01  0.000E+00  7.000E-01  2.44637823E+01  2.44637823E+01  2.02180092E-01 -1.48265352E+00 -1.48265352E+00  6.12666474E-03  6.14353163E-09  0.00000000E+00  0.00000000E+00  0.00000000E+00  1.00000001E+00  1.85086659E-09 
    7   1   1  6.000E-01  0.000E+00  0.000E+00  2.44637823E+01  2.44637823E+01  2.02180092E-01 -1.48265352E+00 -1.48265352E+00  6.12666474E-03  6.14353163E-09  0.00000000E+00  0.00000000E+00  0.00000000E+00  1.00000001E+00  1.85086659E-09 
    7   1   2  6.000E-01  0.000E+00  1.000E-01  2.44637823E+01  2.44637823E+01  2.02180092E-01 -1.48265352E+00 -1.48265352E+00  6.12666474E-03  6.14353163E-09  0.00000000E+00  0.00000000E+00  0.00000000E+00  1.00000001E+00  1.85086659E-09 
    7   1   3  6.000E-01  0.000E+00  2.000E-01  2.44637823E+01  2.44637823E+01  2.02180092E-01 -1.48265352E+00 -1.48265352E+00  6.12666474E-03  6.14353163E-09  0.00000000E+00  0.00000000E+00  0.00000000E+00  1.00000001E+00  1.85086659E-09 
    7   1   4  6.000E-01  0.000E+00  3.000E-01  2.44637823E+01  2.44637823E+01  2.02180092E-01 -1.48265352E+00 -1.48265352E+00  6.12666474E-03  6.14353163E-09  0.00000000E+00  0.00000000E+00  0.00000000E+00  1.00000001E+00  1.85086659E-09 
    7   1   5  6.000E-01  0.000E+00  4.000E-01  2.44637823E+01  2.44637823E+01  2.02180092E-01 -1.48265352E+00 -1.48265352E+00  6.12666474E-03  6.14353163E-09  0.00000000E+00  0.00000000E+00  0.00000000E+00  1.00000001E+00  1.85086659E-09 
    7   1   6  6.000E-01  0.000E+00  5.000E-01  2.44637823E+01  2.44637823E+01  2.02180092E-01 -1.48265352E+00 -1.48265352E+00  6.12666474E-03  6.14353163E-09  0.00000000E+00  0.00000000E+00  0.00000000E+00  1.00000001E+00  1.85086659E-09 
    7   1   7  6.000E-01  0.000E+00  6.000E-01  2.44637823E+01  2.44637823E+01  2.02180092E-01 -1.48265352E+00 -1.48265352E+00  6.12666474E-03  6.14353163E-09  0.00000000E+00  0.00000000E+00  0.00000000E+00  1.00000001E+00  1.85086659E-09 
    7   1   8  6.000E-01  0.000E+00  7.000E-01  2.44637823E+01  2.44637823E+01  2.02180092E-01 -1.48265352E+00 -1.48265352E+00  6.12666474E-03  6.14353163E-09  0.00000000E+00  0.00000000E+00  0.00000000E+00  1.00000001E+00  1.85086659E-09 
    8   1   1  7.000E-01  0.000E+00  0.000E+00  2.44637823E+01  2.44637823E+01  2.02180092E-01 -1.48265352E+00 -1.48265352E+00  6.12666474E-03  6.14353163E-09  0.00000000E+00  0.00000000E+00  0.00000000E+00  1.00000001E+00  1.85086659E-09 
    8   1   2  7.000E-01  0.000E+00  1.000E-01  2.44637823E+01  2.44637823E+01  2.02180092E-01 -1.48265352E+00 -1.48265352E+00  6.12666474E-03  6.14353163E-09  0.00000000E+00  0.00000000E+00  0.00000000E+00  1.00000001E+00  1.85086659E-09 
    8   1   3  7.000E-01  0.000E+00  2.000E-01  2.44637823E+01  2.44637823E+01  2.02180092E-01 -1.48265352E+00 -1.48265352E+00  6.12666474E-03  6.14353163E-09  0.00000000E+00  0.00000000E+00  0.00000000E+00  1.00000001E+00  1.85086659E-09 
    8   1   4  7.000E-01  0.000E+00  3.000E-01  2.44637823E+01  2.44637823E+01  2.02180092E-01 -1.48265352E+00 -1.48265352E+00  6.12666474E-03  6.14353163E-09  0.00000000E+00  0.00000000E+00  0.00000000E+00  1.00000001E+00  1.85086659E-09 
    8   1   5  7.000E-01  0.000E+00  4.000E-01  2.44637823E+01  2.44637823E+01  2.02180092E-01 -1.48265352E+00 -1.48265352E+00  6.12666474E-03  6.14353163E-09  0.00000000E+00  0.00000000E+00  0.00000000E+00  1.00000001E+00  1.85086659E-09 
    8   1   6  7.000E-01  0.000E+00  5.000E-01  2.44637823E+01  2.44637823E+01  2.02180092E-01 -1.48265352E+00 -1.48265352E+00  6.12666474E-03  6.14353163E-09  0.00000000E+00  0.00000000E+00  0.00000000E+00  1.00000001E+00  1.85086659E-09 
    8   1   7  7.000E-01  0.000E+00  6.000E-01  2.44637823E+01  2.44637823E+01  2.02180092E-01 -1.48265352E+00 -1.48265352E+00  6.12666474E-03  6.14353163E-09  0.00000000E+00  0.00000000E+00  0.00000000E+00  1.00000001E+00  1.85086659E-09 
    8   1   8  7.000E-01  0.000E+00  7.000E-01  2.44637823E+01  2.44637823E+01  2.02180092E-01 -1.48265352E+00 -1.48265352E+00  6.12666474E-03  6.14353163E-09  0.00000000E+00  0.00000000E+00  0.00000000E+00  1.00000001E+00  1.85086659E-09 
