8 8 8
 1.000000000000000000E-01  1.000000000000000000E-01  1.000000000000000000E-01
512 216 296
64 64 48 48 36 36
1 1 1 
 0.000000000000000000E+00  0.000000000000000000E+00  0.000000000000000000E+00
1 1 2 
 0.000000000000000000E+00  0.000000000000000000E+00  1.000000000000000000E-01
1 1 3 
 0.000000000000000000E+00  0.000000000000000000E+00  2.000000000000000000E-01
1 1 4 
 0.000000000000000000E+00  0.000000000000000000E+00  3.000000000000000000E-01
1 1 5 
 0.000000000000000000E+00  0.000000000000000000E+00  4.000000000000000000E-01
1 1 6 
 0.000000000000000000E+00  0.000000000000000000E+00  5.000000000000000000E-01
1 1 7 
 0.000000000000000000E+00  0.000000000000000000E+00  6.000000000000000000E-01
1 1 8 
 0.000000000000000000E+00  0.000000000000000000E+00  7.000000000000000000E-01
1 2 1 
 0.000000000000000000E+00  1.000000000000000000E-01  0.000000000000000000E+00
1 2 2 
 0.000000000000000000E+00  1.000000000000000000E-01  1.000000000000000000E-01
1 2 3 
 0.000000000000000000E+00  1.000000000000000000E-01  2.000000000000000000E-01
1 2 4 
 0.000000000000000000E+00  1.000000000000000000E-01  3.000000000000000000E-01
1 2 5 
 0.000000000000000000E+00  1.000000000000000000E-01  4.000000000000000000E-01
1 2 6 
 0.000000000000000000E+00  1.000000000000000000E-01  5.000000000000000000E-01
1 2 7 
 0.000000000000000000E+00  1.000000000000000000E-01  6.000000000000000000E-01
1 2 8 
 0.000000000000000000E+00  1.000000000000000000E-01  7.000000000000000000E-01
1 3 1 
 0.000000000000000000E+00  2.000000000000000000E-01  0.000000000000000000E+00
1 3 2 
 0.000000000000000000E+00  2.000000000000000000E-01  1.000000000000000000E-01
1 3 3 
 0.000000000000000000E+00  2.000000000000000000E-01  2.000000000000000000E-01
1 3 4 
 0.000000000000000000E+00  2.000000000000000000E-01  3.000000000000000000E-01
1 3 5 
 0.000000000000000000E+00  2.000000000000000000E-01  4.000000000000000000E-01
1 3 6 
 0.000000000000000000E+00  2.000000000000000000E-01  5.000000000000000000E-01
1 3 7 
 0.000000000000000000E+00  2.000000000000000000E-01  6.000000000000000000E-01
1 3 8 
 0.000000000000000000E+00  2.000000000000000000E-01  7.000000000000000000E-01
1 4 1 
 0.000000000000000000E+00  3.000000000000000000E-01  0.000000000000000000E+00
1 4 2 
 0.000000000000000000E+00  3.000000000000000000E-01  1.000000000000000000E-01
1 4 3 
 0.000000000000000000E+00  3.000000000000000000E-01  2.000000000000000000E-01
1 4 4 
 0.000000000000000000E+00  3.000000000000000000E-01  3.000000000000000000E-01
1 4 5 
 0.000000000000000000E+00  3.000000000000000000E-01  4.000000000000000000E-01
1 4 6 
 0.000000000000000000E+00  3.000000000000000000E-01  5.000000000000000000E-01
1 4 7 
 0.000000000000000000E+00  3.000000000000000000E-01  6.000000000000000000E-01
1 4 8 
 0.000000000000000000E+00  3.000000000000000000E-01  7.000000000000000000E-01
1 5 1 
 0.000000000000000000E+00  4.000000000000000000E-01  0.000000000000000000E+00
1 5 2 
 0.000000000000000000E+00  4.000000000000000000E-01  1.000000000000000000E-01
1 5 3 
 0.000000000000000000E+00  4.000000000000000000E-01  2.000000000000000000E-01
1 5 4 
 0.000000000000000000E+00  4.000000000000000000E-01  3.000000000000000000E-01
1 5 5 
 0.000000000000000000E+00  4.000000000000000000E-01  4.000000000000000000E-01
1 5 6 
 0.000000000000000000E+00  4.000000000000000000E-01  5.000000000000000000E-01
1 5 7 
 0.000000000000000000E+00  4.000000000000000000E-01  6.000000000000000000E-01
1 5 8 
 0.000000000000000000E+00  4.000000000000000000E-01  7.000000000000000000E-01
1 6 1 
 0.000000000000000000E+00  5.000000000000000000E-01  0.000000000000000000E+00
1 6 2 
 0.000000000000000000E+00  5.000000000000000000E-01  1.000000000000000000E-01
1 6 3 
 0.000000000000000000E+00  5.000000000000000000E-01  2.000000000000000000E-01
1 6 4 
 0.000000000000000000E+00  5.000000000000000000E-01  3.000000000000000000E-01
1 6 5 
 0.000000000000000000E+00  5.000000000000000000E-01  4.000000000000000000E-01
1 6 6 
 0.000000000000000000E+00  5.000000000000000000E-01  5.000000000000000000E-01
1 6 7 
 0.000000000000000000E+00  5.000000000000000000E-01  6.000000000000000000E-01
1 6 8 
 0.000000000000000000E+00  5.000000000000000000E-01  7.000000000000000000E-01
1 7 1 
 0.000000000000000000E+00  6.000000000000000000E-01  0.000000000000000000E+00
1 7 2 
 0.000000000000000000E+00  6.000000000000000000E-01  1.000000000000000000E-01
1 7 3 
 0.000000000000000000E+00  6.000000000000000000E-01  2.000000000000000000E-01
1 7 4 
 0.000000000000000000E+00  6.000000000000000000E-01  3.000000000000000000E-01
1 7 5 
 0.000000000000000000E+00  6.000000000000000000E-01  4.000000000000000000E-01
1 7 6 
 0.000000000000000000E+00  6.000000000000000000E-01  5.000000000000000000E-01
1 7 7 
 0.000000000000000000E+00  6.000000000000000000E-01  6.000000000000000000E-01
1 7 8 
 0.000000000000000000E+00  6.000000000000000000E-01  7.000000000000000000E-01
1 8 1 
 0.000000000000000000E+00  7.000000000000000000E-01  0.000000000000000000E+00
1 8 2 
 0.000000000000000000E+00  7.000000000000000000E-01  1.000000000000000000E-01
1 8 3 
 0.000000000000000000E+00  7.000000000000000000E-01  2.000000000000000000E-01
1 8 4 
 0.000000000000000000E+00  7.000000000000000000E-01  3.000000000000000000E-01
1 8 5 
 0.000000000000000000E+00  7.000000000000000000E-01  4.000000000000000000E-01
1 8 6 
 0.000000000000000000E+00  7.000000000000000000E-01  5.000000000000000000E-01
1 8 7 
 0.000000000000000000E+00  7.000000000000000000E-01  6.000000000000000000E-01
1 8 8 
 0.000000000000000000E+00  7.000000000000000000E-01  7.000000000000000000E-01
2 1 1 
 1.000000000000000000E-01  0.000000000000000000E+00  0.000000000000000000E+00
2 1 2 
 1.000000000000000000E-01  0.000000000000000000E+00  1.000000000000000000E-01
2 1 3 
 1.000000000000000000E-01  0.000000000000000000E+00  2.000000000000000000E-01
2 1 4 
 1.000000000000000000E-01  0.000000000000000000E+00  3.000000000000000000E-01
2 1 5 
 1.000000000000000000E-01  0.000000000000000000E+00  4.000000000000000000E-01
2 1 6 
 1.000000000000000000E-01  0.000000000000000000E+00  5.000000000000000000E-01
2 1 7 
 1.000000000000000000E-01  0.000000000000000000E+00  6.000000000000000000E-01
2 1 8 
 1.000000000000000000E-01  0.000000000000000000E+00  7.000000000000000000E-01
2 2 1 
 1.000000000000000000E-01  1.000000000000000000E-01  0.000000000000000000E+00
2 2 2 
 1.000000000000000000E-01  1.000000000000000000E-01  1.000000000000000000E-01
2 2 3 
 1.000000000000000000E-01  1.000000000000000000E-01  2.000000000000000000E-01
2 2 4 
 1.000000000000000000E-01  1.000000000000000000E-01  3.000000000000000000E-01
2 2 5 
 1.000000000000000000E-01  1.000000000000000000E-01  4.000000000000000000E-01
2 2 6 
 1.000000000000000000E-01  1.000000000000000000E-01  5.000000000000000000E-01
2 2 7 
 1.000000000000000000E-01  1.000000000000000000E-01  6.000000000000000000E-01
2 2 8 
 1.000000000000000000E-01  1.000000000000000000E-01  7.000000000000000000E-01
2 3 1 
 1.000000000000000000E-01  2.000000000000000000E-01  0.000000000000000000E+00
2 3 2 
 1.000000000000000000E-01  2.000000000000000000E-01  1.000000000000000000E-01
2 3 3 
 1.000000000000000000E-01  2.000000000000000000E-01  2.000000000000000000E-01
2 3 4 
 1.000000000000000000E-01  2.000000000000000000E-01  3.000000000000000000E-01
2 3 5 
 1.000000000000000000E-01  2.000000000000000000E-01  4.000000000000000000E-01
2 3 6 
 1.000000000000000000E-01  2.000000000000000000E-01  5.000000000000000000E-01
2 3 7 
 1.000000000000000000E-01  2.000000000000000000E-01  6.000000000000000000E-01
2 3 8 
 1.000000000000000000E-01  2.000000000000000000E-01  7.000000000000000000E-01
2 4 1 
 1.000000000000000000E-01  3.000000000000000000E-01  0.000000000000000000E+00
2 4 2 
 1.000000000000000000E-01  3.000000000000000000E-01  1.000000000000000000E-01
2 4 3 
 1.000000000000000000E-01  3.000000000000000000E-01  2.000000000000000000E-01
2 4 4 
 1.000000000000000000E-01  3.000000000000000000E-01  3.000000000000000000E-01
2 4 5 
 1.000000000000000000E-01  3.000000000000000000E-01  4.000000000000000000E-01
2 4 6 
 1.000000000000000000E-01  3.000000000000000000E-01  5.000000000000000000E-01
2 4 7 
 1.000000000000000000E-01  3.000000000000000000E-01  6.000000000000000000E-01
2 4 8 
 1.000000000000000000E-01  3.000000000000000000E-01  7.000000000000000000E-01
2 5 1 
 1.000000000000000000E-01  4.000000000000000000E-01  0.000000000000000000E+00
2 5 2 
 1.000000000000000000E-01  4.000000000000000000E-01  1.000000000000000000E-01
2 5 3 
 1.000000000000000000E-01  4.000000000000000000E-01  2.000000000000000000E-01
2 5 4 
 1.000000000000000000E-01  4.000000000000000000E-01  3.000000000000000000E-01
2 5 5 
 1.000000000000000000E-01  4.000000000000000000E-01  4.000000000000000000E-01
2 5 6 
 1.000000000000000000E-01  4.000000000000000000E-01  5.000000000000000000E-01
2 5 7 
 1.000000000000000000E-01  4.000000000000000000E-01  6.000000000000000000E-01
2 5 8 
 1.000000000000000000E-01  4.000000000000000000E-01  7.000000000000000000E-01
2 6 1 
 1.000000000000000000E-01  5.000000000000000000E-01  0.000000000000000000E+00
2 6 2 
 1.000000000000000000E-01  5.000000000000000000E-01  1.000000000000000000E-01
2 6 3 
 1.000000000000000000E-01  5.000000000000000000E-01  2.000000000000000000E-01
2 6 4 
 1.000000000000000000E-01  5.000000000000000000E-01  3.000000000000000000E-01
2 6 5 
 1.000000000000000000E-01  5.000000000000000000E-01  4.000000000000000000E-01
2 6 6 
 1.000000000000000000E-01  5.000000000000000000E-01  5.000000000000000000E-01
2 6 7 
 1.000000000000000000E-01  5.000000000000000000E-01  6.000000000000000000E-01
2 6 8 
 1.000000000000000000E-01  5.000000000000000000E-01  7.000000000000000000E-01
2 7 1 
 1.000000000000000000E-01  6.000000000000000000E-01  0.000000000000000000E+00
2 7 2 
 1.000000000000000000E-01  6.000000000000000000E-01  1.000000000000000000E-01
2 7 3 
 1.000000000000000000E-01  6.000000000000000000E-01  2.000000000000000000E-01
2 7 4 
 1.000000000000000000E-01  6.000000000000000000E-01  3.000000000000000000E-01
2 7 5 
 1.000000000000000000E-01  6.000000000000000000E-01  4.000000000000000000E-01
2 7 6 
 1.000000000000000000E-01  6.000000000000000000E-01  5.000000000000000000E-01
2 7 7 
 1.000000000000000000E-01  6.000000000000000000E-01  6.000000000000000000E-01
2 7 8 
 1.000000000000000000E-01  6.000000000000000000E-01  7.000000000000000000E-01
2 8 1 
 1.000000000000000000E-01  7.000000000000000000E-01  0.000000000000000000E+00
2 8 2 
 1.000000000000000000E-01  7.000000000000000000E-01  1.000000000000000000E-01
2 8 3 
 1.000000000000000000E-01  7.000000000000000000E-01  2.000000000000000000E-01
2 8 4 
 1.000000000000000000E-01  7.000000000000000000E-01  3.000000000000000000E-01
2 8 5 
 1.000000000000000000E-01  7.000000000000000000E-01  4.000000000000000000E-01
2 8 6 
 1.000000000000000000E-01  7.000000000000000000E-01  5.000000000000000000E-01
2 8 7 
 1.000000000000000000E-01  7.000000000000000000E-01  6.000000000000000000E-01
2 8 8 
 1.000000000000000000E-01  7.000000000000000000E-01  7.000000000000000000E-01
3 1 1 
 2.000000000000000000E-01  0.000000000000000000E+00  0.000000000000000000E+00
3 1 2 
 2.000000000000000000E-01  0.000000000000000000E+00  1.000000000000000000E-01
3 1 3 
 2.000000000000000000E-01  0.000000000000000000E+00  2.000000000000000000E-01
3 1 4 
 2.000000000000000000E-01  0.000000000000000000E+00  3.000000000000000000E-01
3 1 5 
 2.000000000000000000E-01  0.000000000000000000E+00  4.000000000000000000E-01
3 1 6 
 2.000000000000000000E-01  0.000000000000000000E+00  5.000000000000000000E-01
3 1 7 
 2.000000000000000000E-01  0.000000000000000000E+00  6.000000000000000000E-01
3 1 8 
 2.000000000000000000E-01  0.000000000000000000E+00  7.000000000000000000E-01
3 2 1 
 2.000000000000000000E-01  1.000000000000000000E-01  0.000000000000000000E+00
3 2 2 
 2.000000000000000000E-01  1.000000000000000000E-01  1.000000000000000000E-01
3 2 3 
 2.000000000000000000E-01  1.000000000000000000E-01  2.000000000000000000E-01
3 2 4 
 2.000000000000000000E-01  1.000000000000000000E-01  3.000000000000000000E-01
3 2 5 
 2.000000000000000000E-01  1.000000000000000000E-01  4.000000000000000000E-01
3 2 6 
 2.000000000000000000E-01  1.000000000000000000E-01  5.000000000000000000E-01
3 2 7 
 2.000000000000000000E-01  1.000000000000000000E-01  6.000000000000000000E-01
3 2 8 
 2.000000000000000000E-01  1.000000000000000000E-01  7.000000000000000000E-01
3 3 1 
 2.000000000000000000E-01  2.000000000000000000E-01  0.000000000000000000E+00
3 3 2 
 2.000000000000000000E-01  2.000000000000000000E-01  1.000000000000000000E-01
3 3 3 
 2.000000000000000000E-01  2.000000000000000000E-01  2.000000000000000000E-01
3 3 4 
 2.000000000000000000E-01  2.000000000000000000E-01  3.000000000000000000E-01
3 3 5 
 2.000000000000000000E-01  2.000000000000000000E-01  4.000000000000000000E-01
3 3 6 
 2.000000000000000000E-01  2.000000000000000000E-01  5.000000000000000000E-01
3 3 7 
 2.000000000000000000E-01  2.000000000000000000E-01  6.000000000000000000E-01
3 3 8 
 2.000000000000000000E-01  2.000000000000000000E-01  7.000000000000000000E-01
3 4 1 
 2.000000000000000000E-01  3.000000000000000000E-01  0.000000000000000000E+00
3 4 2 
 2.000000000000000000E-01  3.000000000000000000E-01  1.000000000000000000E-01
3 4 3 
 2.000000000000000000E-01  3.000000000000000000E-01  2.000000000000000000E-01
3 4 4 
 2.000000000000000000E-01  3.000000000000000000E-01  3.000000000000000000E-01
3 4 5 
 2.000000000000000000E-01  3.000000000000000000E-01  4.000000000000000000E-01
3 4 6 
 2.000000000000000000E-01  3.000000000000000000E-01  5.000000000000000000E-01
3 4 7 
 2.000000000000000000E-01  3.000000000000000000E-01  6.000000000000000000E-01
3 4 8 
 2.000000000000000000E-01  3.000000000000000000E-01  7.000000000000000000E-01
3 5 1 
 2.000000000000000000E-01  4.000000000000000000E-01  0.000000000000000000E+00
3 5 2 
 2.000000000000000000E-01  4.000000000000000000E-01  1.000000000000000000E-01
3 5 3 
 2.000000000000000000E-01  4.000000000000000000E-01  2.000000000000000000E-01
3 5 4 
 2.000000000000000000E-01  4.000000000000000000E-01  3.000000000000000000E-01
3 5 5 
 2.000000000000000000E-01  4.000000000000000000E-01  4.000000000000000000E-01
3 5 6 
 2.000000000000000000E-01  4.000000000000000000E-01  5.000000000000000000E-01
3 5 7 
 2.000000000000000000E-01  4.000000000000000000E-01  6.000000000000000000E-01
3 5 8 
 2.000000000000000000E-01  4.000000000000000000E-01  7.000000000000000000E-01
3 6 1 
 2.000000000000000000E-01  5.000000000000000000E-01  0.000000000000000000E+00
3 6 2 
 2.000000000000000000E-01  5.000000000000000000E-01  1.000000000000000000E-01
3 6 3 
 2.000000000000000000E-01  5.000000000000000000E-01  2.000000000000000000E-01
3 6 4 
 2.000000000000000000E-01  5.000000000000000000E-01  3.000000000000000000E-01
3 6 5 
 2.000000000000000000E-01  5.000000000000000000E-01  4.000000000000000000E-01
3 6 6 
 2.000000000000000000E-01  5.000000000000000000E-01  5.000000000000000000E-01
3 6 7 
 2.000000000000000000E-01  5.000000000000000000E-01  6.000000000000000000E-01
3 6 8 
 2.000000000000000000E-01  5.000000000000000000E-01  7.000000000000000000E-01
3 7 1 
 2.000000000000000000E-01  6.000000000000000000E-01  0.000000000000000000E+00
3 7 2 
 2.000000000000000000E-01  6.000000000000000000E-01  1.000000000000000000E-01
3 7 3 
 2.000000000000000000E-01  6.000000000000000000E-01  2.000000000000000000E-01
3 7 4 
 2.000000000000000000E-01  6.000000000000000000E-01  3.000000000000000000E-01
3 7 5 
 2.000000000000000000E-01  6.000000000000000000E-01  4.000000000000000000E-01
3 7 6 
 2.000000000000000000E-01  6.000000000000000000E-01  5.000000000000000000E-01
3 7 7 
 2.000000000000000000E-01  6.000000000000000000E-01  6.000000000000000000E-01
3 7 8 
 2.000000000000000000E-01  6.000000000000000000E-01  7.000000000000000000E-01
3 8 1 
 2.000000000000000000E-01  7.000000000000000000E-01  0.000000000000000000E+00
3 8 2 
 2.000000000000000000E-01  7.000000000000000000E-01  1.000000000000000000E-01
3 8 3 
 2.000000000000000000E-01  7.000000000000000000E-01  2.000000000000000000E-01
3 8 4 
 2.000000000000000000E-01  7.000000000000000000E-01  3.000000000000000000E-01
3 8 5 
 2.000000000000000000E-01  7.000000000000000000E-01  4.000000000000000000E-01
3 8 6 
 2.000000000000000000E-01  7.000000000000000000E-01  5.000000000000000000E-01
3 8 7 
 2.000000000000000000E-01  7.000000000000000000E-01  6.000000000000000000E-01
3 8 8 
 2.000000000000000000E-01  7.000000000000000000E-01  7.000000000000000000E-01
4 1 1 
 3.000000000000000000E-01  0.000000000000000000E+00  0.000000000000000000E+00
4 1 2 
 3.000000000000000000E-01  0.000000000000000000E+00  1.000000000000000000E-01
4 1 3 
 3.000000000000000000E-01  0.000000000000000000E+00  2.000000000000000000E-01
4 1 4 
 3.000000000000000000E-01  0.000000000000000000E+00  3.000000000000000000E-01
4 1 5 
 3.000000000000000000E-01  0.000000000000000000E+00  4.000000000000000000E-01
4 1 6 
 3.000000000000000000E-01  0.000000000000000000E+00  5.000000000000000000E-01
4 1 7 
 3.000000000000000000E-01  0.000000000000000000E+00  6.000000000000000000E-01
4 1 8 
 3.000000000000000000E-01  0.000000000000000000E+00  7.000000000000000000E-01
4 2 1 
 3.000000000000000000E-01  1.000000000000000000E-01  0.000000000000000000E+00
4 2 2 
 3.000000000000000000E-01  1.000000000000000000E-01  1.000000000000000000E-01
4 2 3 
 3.000000000000000000E-01  1.000000000000000000E-01  2.000000000000000000E-01
4 2 4 
 3.000000000000000000E-01  1.000000000000000000E-01  3.000000000000000000E-01
4 2 5 
 3.000000000000000000E-01  1.000000000000000000E-01  4.000000000000000000E-01
4 2 6 
 3.000000000000000000E-01  1.000000000000000000E-01  5.000000000000000000E-01
4 2 7 
 3.000000000000000000E-01  1.000000000000000000E-01  6.000000000000000000E-01
4 2 8 
 3.000000000000000000E-01  1.000000000000000000E-01  7.000000000000000000E-01
4 3 1 
 3.000000000000000000E-01  2.000000000000000000E-01  0.000000000000000000E+00
4 3 2 
 3.000000000000000000E-01  2.000000000000000000E-01  1.000000000000000000E-01
4 3 3 
 3.000000000000000000E-01  2.000000000000000000E-01  2.000000000000000000E-01
4 3 4 
 3.000000000000000000E-01  2.000000000000000000E-01  3.000000000000000000E-01
4 3 5 
 3.000000000000000000E-01  2.000000000000000000E-01  4.000000000000000000E-01
4 3 6 
 3.000000000000000000E-01  2.000000000000000000E-01  5.000000000000000000E-01
4 3 7 
 3.000000000000000000E-01  2.000000000000000000E-01  6.000000000000000000E-01
4 3 8 
 3.000000000000000000E-01  2.000000000000000000E-01  7.000000000000000000E-01
4 4 1 
 3.000000000000000000E-01  3.000000000000000000E-01  0.000000000000000000E+00
4 4 2 
 3.000000000000000000E-01  3.000000000000000000E-01  1.000000000000000000E-01
4 4 3 
 3.000000000000000000E-01  3.000000000000000000E-01  2.000000000000000000E-01
4 4 4 
 3.000000000000000000E-01  3.000000000000000000E-01  3.000000000000000000E-01
4 4 5 
 3.000000000000000000E-01  3.000000000000000000E-01  4.000000000000000000E-01
4 4 6 
 3.000000000000000000E-01  3.000000000000000000E-01  5.000000000000000000E-01
4 4 7 
 3.000000000000000000E-01  3.000000000000000000E-01  6.000000000000000000E-01
4 4 8 
 3.000000000000000000E-01  3.000000000000000000E-01  7.000000000000000000E-01
4 5 1 
 3.000000000000000000E-01  4.000000000000000000E-01  0.000000000000000000E+00
4 5 2 
 3.000000000000000000E-01  4.000000000000000000E-01  1.000000000000000000E-01
4 5 3 
 3.000000000000000000E-01  4.000000000000000000E-01  2.000000000000000000E-01
4 5 4 
 3.000000000000000000E-01  4.000000000000000000E-01  3.000000000000000000E-01
4 5 5 
 3.000000000000000000E-01  4.000000000000000000E-01  4.000000000000000000E-01
4 5 6 
 3.000000000000000000E-01  4.000000000000000000E-01  5.000000000000000000E-01
4 5 7 
 3.000000000000000000E-01  4.000000000000000000E-01  6.000000000000000000E-01
4 5 8 
 3.000000000000000000E-01  4.000000000000000000E-01  7.000000000000000000E-01
4 6 1 
 3.000000000000000000E-01  5.000000000000000000E-01  0.000000000000000000E+00
4 6 2 
 3.000000000000000000E-01  5.000000000000000000E-01  1.000000000000000000E-01
4 6 3 
 3.000000000000000000E-01  5.000000000000000000E-01  2.000000000000000000E-01
4 6 4 
 3.000000000000000000E-01  5.000000000000000000E-01  3.000000000000000000E-01
4 6 5 
 3.000000000000000000E-01  5.000000000000000000E-01  4.000000000000000000E-01
4 6 6 
 3.000000000000000000E-01  5.000000000000000000E-01  5.000000000000000000E-01
4 6 7 
 3.000000000000000000E-01  5.000000000000000000E-01  6.000000000000000000E-01
4 6 8 
 3.000000000000000000E-01  5.000000000000000000E-01  7.000000000000000000E-01
4 7 1 
 3.000000000000000000E-01  6.000000000000000000E-01  0.000000000000000000E+00
4 7 2 
 3.000000000000000000E-01  6.000000000000000000E-01  1.000000000000000000E-01
4 7 3 
 3.000000000000000000E-01  6.000000000000000000E-01  2.000000000000000000E-01
4 7 4 
 3.000000000000000000E-01  6.000000000000000000E-01  3.000000000000000000E-01
4 7 5 
 3.000000000000000000E-01  6.000000000000000000E-01  4.000000000000000000E-01
4 7 6 
 3.000000000000000000E-01  6.000000000000000000E-01  5.000000000000000000E-01
4 7 7 
 3.000000000000000000E-01  6.000000000000000000E-01  6.000000000000000000E-01
4 7 8 
 3.000000000000000000E-01  6.000000000000000000E-01  7.000000000000000000E-01
4 8 1 
 3.000000000000000000E-01  7.000000000000000000E-01  0.000000000000000000E+00
4 8 2 
 3.000000000000000000E-01  7.000000000000000000E-01  1.000000000000000000E-01
4 8 3 
 3.000000000000000000E-01  7.000000000000000000E-01  2.000000000000000000E-01
4 8 4 
 3.000000000000000000E-01  7.000000000000000000E-01  3.000000000000000000E-01
4 8 5 
 3.000000000000000000E-01  7.000000000000000000E-01  4.000000000000000000E-01
4 8 6 
 3.000000000000000000E-01  7.000000000000000000E-01  5.000000000000000000E-01
4 8 7 
 3.000000000000000000E-01  7.000000000000000000E-01  6.000000000000000000E-01
4 8 8 
 3.000000000000000000E-01  7.000000000000000000E-01  7.000000000000000000E-01
5 1 1 
 4.000000000000000000E-01  0.000000000000000000E+00  0.000000000000000000E+00
5 1 2 
 4.000000000000000000E-01  0.000000000000000000E+00  1.000000000000000000E-01
5 1 3 
 4.000000000000000000E-01  0.000000000000000000E+00  2.000000000000000000E-01
5 1 4 
 4.000000000000000000E-01  0.000000000000000000E+00  3.000000000000000000E-01
5 1 5 
 4.000000000000000000E-01  0.000000000000000000E+00  4.000000000000000000E-01
5 1 6 
 4.000000000000000000E-01  0.000000000000000000E+00  5.000000000000000000E-01
5 1 7 
 4.000000000000000000E-01  0.000000000000000000E+00  6.000000000000000000E-01
5 1 8 
 4.000000000000000000E-01  0.000000000000000000E+00  7.000000000000000000E-01
5 2 1 
 4.000000000000000000E-01  1.000000000000000000E-01  0.000000000000000000E+00
5 2 2 
 4.000000000000000000E-01  1.000000000000000000E-01  1.000000000000000000E-01
5 2 3 
 4.000000000000000000E-01  1.000000000000000000E-01  2.000000000000000000E-01
5 2 4 
 4.000000000000000000E-01  1.000000000000000000E-01  3.000000000000000000E-01
5 2 5 
 4.000000000000000000E-01  1.000000000000000000E-01  4.000000000000000000E-01
5 2 6 
 4.000000000000000000E-01  1.000000000000000000E-01  5.000000000000000000E-01
5 2 7 
 4.000000000000000000E-01  1.000000000000000000E-01  6.000000000000000000E-01
5 2 8 
 4.000000000000000000E-01  1.000000000000000000E-01  7.000000000000000000E-01
5 3 1 
 4.000000000000000000E-01  2.000000000000000000E-01  0.000000000000000000E+00
5 3 2 
 4.000000000000000000E-01  2.000000000000000000E-01  1.000000000000000000E-01
5 3 3 
 4.000000000000000000E-01  2.000000000000000000E-01  2.000000000000000000E-01
5 3 4 
 4.000000000000000000E-01  2.000000000000000000E-01  3.000000000000000000E-01
5 3 5 
 4.000000000000000000E-01  2.000000000000000000E-01  4.000000000000000000E-01
5 3 6 
 4.000000000000000000E-01  2.000000000000000000E-01  5.000000000000000000E-01
5 3 7 
 4.000000000000000000E-01  2.000000000000000000E-01  6.000000000000000000E-01
5 3 8 
 4.000000000000000000E-01  2.000000000000000000E-01  7.000000000000000000E-01
5 4 1 
 4.000000000000000000E-01  3.000000000000000000E-01  0.000000000000000000E+00
5 4 2 
 4.000000000000000000E-01  3.000000000000000000E-01  1.000000000000000000E-01
5 4 3 
 4.000000000000000000E-01  3.000000000000000000E-01  2.000000000000000000E-01
5 4 4 
 4.000000000000000000E-01  3.000000000000000000E-01  3.000000000000000000E-01
5 4 5 
 4.000000000000000000E-01  3.000000000000000000E-01  4.000000000000000000E-01
5 4 6 
 4.000000000000000000E-01  3.000000000000000000E-01  5.000000000000000000E-01
5 4 7 
 4.000000000000000000E-01  3.000000000000000000E-01  6.000000000000000000E-01
5 4 8 
 4.000000000000000000E-01  3.000000000000000000E-01  7.000000000000000000E-01
5 5 1 
 4.000000000000000000E-01  4.000000000000000000E-01  0.000000000000000000E+00
5 5 2 
 4.000000000000000000E-01  4.000000000000000000E-01  1.000000000000000000E-01
5 5 3 
 4.000000000000000000E-01  4.000000000000000000E-01  2.000000000000000000E-01
5 5 4 
 4.000000000000000000E-01  4.000000000000000000E-01  3.000000000000000000E-01
5 5 5 
 4.000000000000000000E-01  4.000000000000000000E-01  4.000000000000000000E-01
5 5 6 
 4.000000000000000000E-01  4.000000000000000000E-01  5.000000000000000000E-01
5 5 7 
 4.000000000000000000E-01  4.000000000000000000E-01  6.000000000000000000E-01
5 5 8 
 4.000000000000000000E-01  4.000000000000000000E-01  7.000000000000000000E-01
5 6 1 
 4.000000000000000000E-01  5.000000000000000000E-01  0.000000000000000000E+00
5 6 2 
 4.000000000000000000E-01  5.000000000000000000E-01  1.000000000000000000E-01
5 6 3 
 4.000000000000000000E-01  5.000000000000000000E-01  2.000000000000000000E-01
5 6 4 
 4.000000000000000000E-01  5.000000000000000000E-01  3.000000000000000000E-01
5 6 5 
 4.000000000000000000E-01  5.000000000000000000E-01  4.000000000000000000E-01
5 6 6 
 4.000000000000000000E-01  5.000000000000000000E-01  5.000000000000000000E-01
5 6 7 
 4.000000000000000000E-01  5.000000000000000000E-01  6.000000000000000000E-01
5 6 8 
 4.000000000000000000E-01  5.000000000000000000E-01  7.000000000000000000E-01
5 7 1 
 4.000000000000000000E-01  6.000000000000000000E-01  0.000000000000000000E+00
5 7 2 
 4.000000000000000000E-01  6.000000000000000000E-01  1.000000000000000000E-01
5 7 3 
 4.000000000000000000E-01  6.000000000000000000E-01  2.000000000000000000E-01
5 7 4 
 4.000000000000000000E-01  6.000000000000000000E-01  3.000000000000000000E-01
5 7 5 
 4.000000000000000000E-01  6.000000000000000000E-01  4.000000000000000000E-01
5 7 6 
 4.000000000000000000E-01  6.000000000000000000E-01  5.000000000000000000E-01
5 7 7 
 4.000000000000000000E-01  6.000000000000000000E-01  6.000000000000000000E-01
5 7 8 
 4.000000000000000000E-01  6.000000000000000000E-01  7.000000000000000000E-01
5 8 1 
 4.000000000000000000E-01  7.000000000000000000E-01  0.000000000000000000E+00
5 8 2 
 4.000000000000000000E-01  7.000000000000000000E-01  1.000000000000000000E-01
5 8 3 
 4.000000000000000000E-01  7.000000000000000000E-01  2.000000000000000000E-01
5 8 4 
 4.000000000000000000E-01  7.000000000000000000E-01  3.000000000000000000E-01
5 8 5 
 4.000000000000000000E-01  7.000000000000000000E-01  4.000000000000000000E-01
5 8 6 
 4.000000000000000000E-01  7.000000000000000000E-01  5.000000000000000000E-01
5 8 7 
 4.000000000000000000E-01  7.000000000000000000E-01  6.000000000000000000E-01
5 8 8 
 4.000000000000000000E-01  7.000000000000000000E-01  7.000000000000000000E-01
6 1 1 
 5.000000000000000000E-01  0.000000000000000000E+00  0.000000000000000000E+00
6 1 2 
 5.000000000000000000E-01  0.000000000000000000E+00  1.000000000000000000E-01
6 1 3 
 5.000000000000000000E-01  0.000000000000000000E+00  2.000000000000000000E-01
6 1 4 
 5.000000000000000000E-01  0.000000000000000000E+00  3.000000000000000000E-01
6 1 5 
 5.000000000000000000E-01  0.000000000000000000E+00  4.000000000000000000E-01
6 1 6 
 5.000000000000000000E-01  0.000000000000000000E+00  5.000000000000000000E-01
6 1 7 
 5.000000000000000000E-01  0.000000000000000000E+00  6.000000000000000000E-01
6 1 8 
 5.000000000000000000E-01  0.000000000000000000E+00  7.000000000000000000E-01
6 2 1 
 5.000000000000000000E-01  1.000000000000000000E-01  0.000000000000000000E+00
6 2 2 
 5.000000000000000000E-01  1.000000000000000000E-01  1.000000000000000000E-01
6 2 3 
 5.000000000000000000E-01  1.000000000000000000E-01  2.000000000000000000E-01
6 2 4 
 5.000000000000000000E-01  1.000000000000000000E-01  3.000000000000000000E-01
6 2 5 
 5.000000000000000000E-01  1.000000000000000000E-01  4.000000000000000000E-01
6 2 6 
 5.000000000000000000E-01  1.000000000000000000E-01  5.000000000000000000E-01
6 2 7 
 5.000000000000000000E-01  1.000000000000000000E-01  6.000000000000000000E-01
6 2 8 
 5.000000000000000000E-01  1.000000000000000000E-01  7.000000000000000000E-01
6 3 1 
 5.000000000000000000E-01  2.000000000000000000E-01  0.000000000000000000E+00
6 3 2 
 5.000000000000000000E-01  2.000000000000000000E-01  1.000000000000000000E-01
6 3 3 
 5.000000000000000000E-01  2.000000000000000000E-01  2.000000000000000000E-01
6 3 4 
 5.000000000000000000E-01  2.000000000000000000E-01  3.000000000000000000E-01
6 3 5 
 5.000000000000000000E-01  2.000000000000000000E-01  4.000000000000000000E-01
6 3 6 
 5.000000000000000000E-01  2.000000000000000000E-01  5.000000000000000000E-01
6 3 7 
 5.000000000000000000E-01  2.000000000000000000E-01  6.000000000000000000E-01
6 3 8 
 5.000000000000000000E-01  2.000000000000000000E-01  7.000000000000000000E-01
6 4 1 
 5.000000000000000000E-01  3.000000000000000000E-01  0.000000000000000000E+00
6 4 2 
 5.000000000000000000E-01  3.000000000000000000E-01  1.000000000000000000E-01
6 4 3 
 5.000000000000000000E-01  3.000000000000000000E-01  2.000000000000000000E-01
6 4 4 
 5.000000000000000000E-01  3.000000000000000000E-01  3.000000000000000000E-01
6 4 5 
 5.000000000000000000E-01  3.000000000000000000E-01  4.000000000000000000E-01
6 4 6 
 5.000000000000000000E-01  3.000000000000000000E-01  5.000000000000000000E-01
6 4 7 
 5.000000000000000000E-01  3.000000000000000000E-01  6.000000000000000000E-01
6 4 8 
 5.000000000000000000E-01  3.000000000000000000E-01  7.000000000000000000E-01
6 5 1 
 5.000000000000000000E-01  4.000000000000000000E-01  0.000000000000000000E+00
6 5 2 
 5.000000000000000000E-01  4.000000000000000000E-01  1.000000000000000000E-01
6 5 3 
 5.000000000000000000E-01  4.000000000000000000E-01  2.000000000000000000E-01
6 5 4 
 5.000000000000000000E-01  4.000000000000000000E-01  3.000000000000000000E-01
6 5 5 
 5.000000000000000000E-01  4.000000000000000000E-01  4.000000000000000000E-01
6 5 6 
 5.000000000000000000E-01  4.000000000000000000E-01  5.000000000000000000E-01
6 5 7 
 5.000000000000000000E-01  4.000000000000000000E-01  6.000000000000000000E-01
6 5 8 
 5.000000000000000000E-01  4.000000000000000000E-01  7.000000000000000000E-01
6 6 1 
 5.000000000000000000E-01  5.000000000000000000E-01  0.000000000000000000E+00
6 6 2 
 5.000000000000000000E-01  5.000000000000000000E-01  1.000000000000000000E-01
6 6 3 
 5.000000000000000000E-01  5.000000000000000000E-01  2.000000000000000000E-01
6 6 4 
 5.000000000000000000E-01  5.000000000000000000E-01  3.000000000000000000E-01
6 6 5 
 5.000000000000000000E-01  5.000000000000000000E-01  4.000000000000000000E-01
6 6 6 
 5.000000000000000000E-01  5.000000000000000000E-01  5.000000000000000000E-01
6 6 7 
 5.000000000000000000E-01  5.000000000000000000E-01  6.000000000000000000E-01
6 6 8 
 5.000000000000000000E-01  5.000000000000000000E-01  7.000000000000000000E-01
6 7 1 
 5.000000000000000000E-01  6.000000000000000000E-01  0.000000000000000000E+00
6 7 2 
 5.000000000000000000E-01  6.000000000000000000E-01  1.000000000000000000E-01
6 7 3 
 5.000000000000000000E-01  6.000000000000000000E-01  2.000000000000000000E-01
6 7 4 
 5.000000000000000000E-01  6.000000000000000000E-01  3.000000000000000000E-01
6 7 5 
 5.000000000000000000E-01  6.000000000000000000E-01  4.000000000000000000E-01
6 7 6 
 5.000000000000000000E-01  6.000000000000000000E-01  5.000000000000000000E-01
6 7 7 
 5.000000000000000000E-01  6.000000000000000000E-01  6.000000000000000000E-01
6 7 8 
 5.000000000000000000E-01  6.000000000000000000E-01  7.000000000000000000E-01
6 8 1 
 5.000000000000000000E-01  7.000000000000000000E-01  0.000000000000000000E+00
6 8 2 
 5.000000000000000000E-01  7.000000000000000000E-01  1.000000000000000000E-01
6 8 3 
 5.000000000000000000E-01  7.000000000000000000E-01  2.000000000000000000E-01
6 8 4 
 5.000000000000000000E-01  7.000000000000000000E-01  3.000000000000000000E-01
6 8 5 
 5.000000000000000000E-01  7.000000000000000000E-01  4.000000000000000000E-01
6 8 6 
 5.000000000000000000E-01  7.000000000000000000E-01  5.000000000000000000E-01
6 8 7 
 5.000000000000000000E-01  7.000000000000000000E-01  6.000000000000000000E-01
6 8 8 
 5.000000000000000000E-01  7.000000000000000000E-01  7.000000000000000000E-01
7 1 1 
 6.000000000000000000E-01  0.000000000000000000E+00  0.000000000000000000E+00
7 1 2 
 6.000000000000000000E-01  0.000000000000000000E+00  1.000000000000000000E-01
7 1 3 
 6.000000000000000000E-01  0.000000000000000000E+00  2.000000000000000000E-01
7 1 4 
 6.000000000000000000E-01  0.000000000000000000E+00  3.000000000000000000E-01
7 1 5 
 6.000000000000000000E-01  0.000000000000000000E+00  4.000000000000000000E-01
7 1 6 
 6.000000000000000000E-01  0.000000000000000000E+00  5.000000000000000000E-01
7 1 7 
 6.000000000000000000E-01  0.000000000000000000E+00  6.000000000000000000E-01
7 1 8 
 6.000000000000000000E-01  0.000000000000000000E+00  7.000000000000000000E-01
7 2 1 
 6.000000000000000000E-01  1.000000000000000000E-01  0.000000000000000000E+00
7 2 2 
 6.000000000000000000E-01  1.000000000000000000E-01  1.000000000000000000E-01
7 2 3 
 6.000000000000000000E-01  1.000000000000000000E-01  2.000000000000000000E-01
7 2 4 
 6.000000000000000000E-01  1.000000000000000000E-01  3.000000000000000000E-01
7 2 5 
 6.000000000000000000E-01  1.000000000000000000E-01  4.000000000000000000E-01
7 2 6 
 6.000000000000000000E-01  1.000000000000000000E-01  5.000000000000000000E-01
7 2 7 
 6.000000000000000000E-01  1.000000000000000000E-01  6.000000000000000000E-01
7 2 8 
 6.000000000000000000E-01  1.000000000000000000E-01  7.000000000000000000E-01
7 3 1 
 6.000000000000000000E-01  2.000000000000000000E-01  0.000000000000000000E+00
7 3 2 
 6.000000000000000000E-01  2.000000000000000000E-01  1.000000000000000000E-01
7 3 3 
 6.000000000000000000E-01  2.000000000000000000E-01  2.000000000000000000E-01
7 3 4 
 6.000000000000000000E-01  2.000000000000000000E-01  3.000000000000000000E-01
7 3 5 
 6.000000000000000000E-01  2.000000000000000000E-01  4.000000000000000000E-01
7 3 6 
 6.000000000000000000E-01  2.000000000000000000E-01  5.000000000000000000E-01
7 3 7 
 6.000000000000000000E-01  2.000000000000000000E-01  6.000000000000000000E-01
7 3 8 
 6.000000000000000000E-01  2.000000000000000000E-01  7.000000000000000000E-01
7 4 1 
 6.000000000000000000E-01  3.000000000000000000E-01  0.000000000000000000E+00
7 4 2 
 6.000000000000000000E-01  3.000000000000000000E-01  1.000000000000000000E-01
7 4 3 
 6.000000000000000000E-01  3.000000000000000000E-01  2.000000000000000000E-01
7 4 4 
 6.000000000000000000E-01  3.000000000000000000E-01  3.000000000000000000E-01
7 4 5 
 6.000000000000000000E-01  3.000000000000000000E-01  4.000000000000000000E-01
7 4 6 
 6.000000000000000000E-01  3.000000000000000000E-01  5.000000000000000000E-01
7 4 7 
 6.000000000000000000E-01  3.000000000000000000E-01  6.000000000000000000E-01
7 4 8 
 6.000000000000000000E-01  3.000000000000000000E-01  7.000000000000000000E-01
7 5 1 
 6.000000000000000000E-01  4.000000000000000000E-01  0.000000000000000000E+00
7 5 2 
 6.000000000000000000E-01  4.000000000000000000E-01  1.000000000000000000E-01
7 5 3 
 6.000000000000000000E-01  4.000000000000000000E-01  2.000000000000000000E-01
7 5 4 
 6.000000000000000000E-01  4.000000000000000000E-01  3.000000000000000000E-01
7 5 5 
 6.000000000000000000E-01  4.000000000000000000E-01  4.000000000000000000E-01
7 5 6 
 6.000000000000000000E-01  4.000000000000000000E-01  5.000000000000000000E-01
7 5 7 
 6.000000000000000000E-01  4.000000000000000000E-01  6.000000000000000000E-01
7 5 8 
 6.000000000000000000E-01  4.000000000000000000E-01  7.000000000000000000E-01
7 6 1 
 6.000000000000000000E-01  5.000000000000000000E-01  0.000000000000000000E+00
7 6 2 
 6.000000000000000000E-01  5.000000000000000000E-01  1.000000000000000000E-01
7 6 3 
 6.000000000000000000E-01  5.000000000000000000E-01  2.000000000000000000E-01
7 6 4 
 6.000000000000000000E-01  5.000000000000000000E-01  3.000000000000000000E-01
7 6 5 
 6.000000000000000000E-01  5.000000000000000000E-01  4.000000000000000000E-01
7 6 6 
 6.000000000000000000E-01  5.000000000000000000E-01  5.000000000000000000E-01
7 6 7 
 6.000000000000000000E-01  5.000000000000000000E-01  6.000000000000000000E-01
7 6 8 
 6.000000000000000000E-01  5.000000000000000000E-01  7.000000000000000000E-01
7 7 1 
 6.000000000000000000E-01  6.000000000000000000E-01  0.000000000000000000E+00
7 7 2 
 6.000000000000000000E-01  6.000000000000000000E-01  1.000000000000000000E-01
7 7 3 
 6.000000000000000000E-01  6.000000000000000000E-01  2.000000000000000000E-01
7 7 4 
 6.000000000000000000E-01  6.000000000000000000E-01  3.000000000000000000E-01
7 7 5 
 6.000000000000000000E-01  6.000000000000000000E-01  4.000000000000000000E-01
7 7 6 
 6.000000000000000000E-01  6.000000000000000000E-01  5.000000000000000000E-01
7 7 7 
 6.000000000000000000E-01  6.000000000000000000E-01  6.000000000000000000E-01
7 7 8 
 6.000000000000000000E-01  6.000000000000000000E-01  7.000000000000000000E-01
7 8 1 
 6.000000000000000000E-01  7.000000000000000000E-01  0.000000000000000000E+00
7 8 2 
 6.000000000000000000E-01  7.000000000000000000E-01  1.000000000000000000E-01
7 8 3 
 6.000000000000000000E-01  7.000000000000000000E-01  2.000000000000000000E-01
7 8 4 
 6.000000000000000000E-01  7.000000000000000000E-01  3.000000000000000000E-01
7 8 5 
 6.000000000000000000E-01  7.000000000000000000E-01  4.000000000000000000E-01
7 8 6 
 6.000000000000000000E-01  7.000000000000000000E-01  5.000000000000000000E-01
7 8 7 
 6.000000000000000000E-01  7.000000000000000000E-01  6.000000000000000000E-01
7 8 8 
 6.000000000000000000E-01  7.000000000000000000E-01  7.000000000000000000E-01
8 1 1 
 7.000000000000000000E-01  0.000000000000000000E+00  0.000000000000000000E+00
8 1 2 
 7.000000000000000000E-01  0.000000000000000000E+00  1.000000000000000000E-01
8 1 3 
 7.000000000000000000E-01  0.000000000000000000E+00  2.000000000000000000E-01
8 1 4 
 7.000000000000000000E-01  0.000000000000000000E+00  3.000000000000000000E-01
8 1 5 
 7.000000000000000000E-01  0.000000000000000000E+00  4.000000000000000000E-01
8 1 6 
 7.000000000000000000E-01  0.000000000000000000E+00  5.000000000000000000E-01
8 1 7 
 7.000000000000000000E-01  0.000000000000000000E+00  6.000000000000000000E-01
8 1 8 
 7.000000000000000000E-01  0.000000000000000000E+00  7.000000000000000000E-01
8 2 1 
 7.000000000000000000E-01  1.000000000000000000E-01  0.000000000000000000E+00
8 2 2 
 7.000000000000000000E-01  1.000000000000000000E-01  1.000000000000000000E-01
8 2 3 
 7.000000000000000000E-01  1.000000000000000000E-01  2.000000000000000000E-01
8 2 4 
 7.000000000000000000E-01  1.000000000000000000E-01  3.000000000000000000E-01
8 2 5 
 7.000000000000000000E-01  1.000000000000000000E-01  4.000000000000000000E-01
8 2 6 
 7.000000000000000000E-01  1.000000000000000000E-01  5.000000000000000000E-01
8 2 7 
 7.000000000000000000E-01  1.000000000000000000E-01  6.000000000000000000E-01
8 2 8 
 7.000000000000000000E-01  1.000000000000000000E-01  7.000000000000000000E-01
8 3 1 
 7.000000000000000000E-01  2.000000000000000000E-01  0.000000000000000000E+00
8 3 2 
 7.000000000000000000E-01  2.000000000000000000E-01  1.000000000000000000E-01
8 3 3 
 7.000000000000000000E-01  2.000000000000000000E-01  2.000000000000000000E-01
8 3 4 
 7.000000000000000000E-01  2.000000000000000000E-01  3.000000000000000000E-01
8 3 5 
 7.000000000000000000E-01  2.000000000000000000E-01  4.000000000000000000E-01
8 3 6 
 7.000000000000000000E-01  2.000000000000000000E-01  5.000000000000000000E-01
8 3 7 
 7.000000000000000000E-01  2.000000000000000000E-01  6.000000000000000000E-01
8 3 8 
 7.000000000000000000E-01  2.000000000000000000E-01  7.000000000000000000E-01
8 4 1 
 7.000000000000000000E-01  3.000000000000000000E-01  0.000000000000000000E+00
8 4 2 
 7.000000000000000000E-01  3.000000000000000000E-01  1.000000000000000000E-01
8 4 3 
 7.000000000000000000E-01  3.000000000000000000E-01  2.000000000000000000E-01
8 4 4 
 7.000000000000000000E-01  3.000000000000000000E-01  3.000000000000000000E-01
8 4 5 
 7.000000000000000000E-01  3.000000000000000000E-01  4.000000000000000000E-01
8 4 6 
 7.000000000000000000E-01  3.000000000000000000E-01  5.000000000000000000E-01
8 4 7 
 7.000000000000000000E-01  3.000000000000000000E-01  6.000000000000000000E-01
8 4 8 
 7.000000000000000000E-01  3.000000000000000000E-01  7.000000000000000000E-01
8 5 1 
 7.000000000000000000E-01  4.000000000000000000E-01  0.000000000000000000E+00
8 5 2 
 7.000000000000000000E-01  4.000000000000000000E-01  1.000000000000000000E-01
8 5 3 
 7.000000000000000000E-01  4.000000000000000000E-01  2.000000000000000000E-01
8 5 4 
 7.000000000000000000E-01  4.000000000000000000E-01  3.000000000000000000E-01
8 5 5 
 7.000000000000000000E-01  4.000000000000000000E-01  4.000000000000000000E-01
8 5 6 
 7.000000000000000000E-01  4.000000000000000000E-01  5.000000000000000000E-01
8 5 7 
 7.000000000000000000E-01  4.000000000000000000E-01  6.000000000000000000E-01
8 5 8 
 7.000000000000000000E-01  4.000000000000000000E-01  7.000000000000000000E-01
8 6 1 
 7.000000000000000000E-01  5.000000000000000000E-01  0.000000000000000000E+00
8 6 2 
 7.000000000000000000E-01  5.000000000000000000E-01  1.000000000000000000E-01
8 6 3 
 7.000000000000000000E-01  5.000000000000000000E-01  2.000000000000000000E-01
8 6 4 
 7.000000000000000000E-01  5.000000000000000000E-01  3.000000000000000000E-01
8 6 5 
 7.000000000000000000E-01  5.000000000000000000E-01  4.000000000000000000E-01
8 6 6 
 7.000000000000000000E-01  5.000000000000000000E-01  5.000000000000000000E-01
8 6 7 
 7.000000000000000000E-01  5.000000000000000000E-01  6.000000000000000000E-01
8 6 8 
 7.000000000000000000E-01  5.000000000000000000E-01  7.000000000000000000E-01
8 7 1 
 7.000000000000000000E-01  6.000000000000000000E-01  0.000000000000000000E+00
8 7 2 
 7.000000000000000000E-01  6.000000000000000000E-01  1.000000000000000000E-01
8 7 3 
 7.000000000000000000E-01  6.000000000000000000E-01  2.000000000000000000E-01
8 7 4 
 7.000000000000000000E-01  6.000000000000000000E-01  3.000000000000000000E-01
8 7 5 
 7.000000000000000000E-01  6.000000000000000000E-01  4.000000000000000000E-01
8 7 6 
 7.000000000000000000E-01  6.000000000000000000E-01  5.000000000000000000E-01
8 7 7 
 7.000000000000000000E-01  6.000000000000000000E-01  6.000000000000000000E-01
8 7 8 
 7.000000000000000000E-01  6.000000000000000000E-01  7.000000000000000000E-01
8 8 1 
 7.000000000000000000E-01  7.000000000000000000E-01  0.000000000000000000E+00
8 8 2 
 7.000000000000000000E-01  7.000000000000000000E-01  1.000000000000000000E-01
8 8 3 
 7.000000000000000000E-01  7.000000000000000000E-01  2.000000000000000000E-01
8 8 4 
 7.000000000000000000E-01  7.000000000000000000E-01  3.000000000000000000E-01
8 8 5 
 7.000000000000000000E-01  7.000000000000000000E-01  4.000000000000000000E-01
8 8 6 
 7.000000000000000000E-01  7.000000000000000000E-01  5.000000000000000000E-01
8 8 7 
 7.000000000000000000E-01  7.000000000000000000E-01  6.000000000000000000E-01
8 8 8 
 7.000000000000000000E-01  7.000000000000000000E-01  7.000000000000000000E-01
74
75
76
77
78
79
82
83
84
85
86
87
90
91
92
93
94
95
98
99
100
101
102
103
106
107
108
109
110
111
114
115
116
117
118
119
138
139
140
141
142
143
146
147
148
149
150
151
154
155
156
157
158
159
162
163
164
165
166
167
170
171
172
173
174
175
178
179
180
181
182
183
202
203
204
205
206
207
210
211
212
213
214
215
218
219
220
221
222
223
226
227
228
229
230
231
234
235
236
237
238
239
242
243
244
245
246
247
266
267
268
269
270
271
274
275
276
277
278
279
282
283
284
285
286
287
290
291
292
293
294
295
298
299
300
301
302
303
306
307
308
309
310
311
330
331
332
333
334
335
338
339
340
341
342
343
346
347
348
349
350
351
354
355
356
357
358
359
362
363
364
365
366
367
370
371
372
373
374
375
394
395
396
397
398
399
402
403
404
405
406
407
410
411
412
413
414
415
418
419
420
421
422
423
426
427
428
429
430
431
434
435
436
437
438
439
1
2
3
4
5
6
7
8
9
10
11
12
13
14
15
16
17
18
19
20
21
22
23
24
25
26
27
28
29
30
31
32
33
34
35
36
37
38
39
40
41
42
43
44
45
46
47
48
49
50
51
52
53
54
55
56
57
58
59
60
61
62
63
64
65
66
67
68
69
70
71
72
73
80
81
88
89
96
97
104
105
112
113
120
121
122
123
124
125
126
127
128
129
130
131
132
133
134
135
136
137
144
145
152
153
160
161
168
169
176
177
184
185
186
187
188
189
190
191
192
193
194
195
196
197
198
199
200
201
208
209
216
217
224
225
232
233
240
241
248
249
250
251
252
253
254
255
256
257
258
259
260
261
262
263
264
265
272
273
280
281
288
289
296
297
304
305
312
313
314
315
316
317
318
319
320
321
322
323
324
325
326
327
328
329
336
337
344
345
352
353
360
361
368
369
376
377
378
379
380
381
382
383
384
385
386
387
388
389
390
391
392
393
400
401
408
409
416
417
424
425
432
433
440
441
442
443
444
445
446
447
448
449
450
451
452
453
454
455
456
457
458
459
460
461
462
463
464
465
466
467
468
469
470
471
472
473
474
475
476
477
478
479
480
481
482
483
484
485
486
487
488
489
490
491
492
493
494
495
496
497
498
499
500
501
502
503
504
505
506
507
508
509
510
511
512
8
16
24
32
40
48
56
64
72
80
88
96
104
112
120
128
136
144
152
160
168
176
184
192
200
208
216
224
232
240
248
256
264
272
280
288
296
304
312
320
328
336
344
352
360
368
376
384
392
400
408
416
424
432
440
448
456
464
472
480
488
496
504
512
1
9
17
25
33
41
49
57
65
73
81
89
97
105
113
121
129
137
145
153
161
169
177
185
193
201
209
217
225
233
241
249
257
265
273
281
289
297
305
313
321
329
337
345
353
361
369
377
385
393
401
409
417
425
433
441
449
457
465
473
481
489
497
505
58
59
60
61
62
63
122
123
124
125
126
127
186
187
188
189
190
191
250
251
252
253
254
255
314
315
316
317
318
319
378
379
380
381
382
383
442
443
444
445
446
447
506
507
508
509
510
511
2
3
4
5
6
7
66
67
68
69
70
71
130
131
132
133
134
135
194
195
196
197
198
199
258
259
260
261
262
263
322
323
324
325
326
327
386
387
388
389
390
391
450
451
452
453
454
455
458
459
460
461
462
463
466
467
468
469
470
471
474
475
476
477
478
479
482
483
484
485
486
487
490
491
492
493
494
495
498
499
500
501
502
503
10
11
12
13
14
15
18
19
20
21
22
23
26
27
28
29
30
31
34
35
36
37
38
39
42
43
44
45
46
47
50
51
52
53
54
55
