# 7 more lines before the data
# 64 rows of data
# 16 columns of data
#  2.75000000E+00 cauchy time
# 21:51 07-Oct-2019 today's date
#   1   8   8  0.000E+00  7.000E-01  7.000E-01  3.85280407E+00  3.85280407E+00  5.09461698E-01 -9.34013106E-01 -9.34013106E-01  6.17529338E-02 -1.46454369E-09  0.00000000E+00  0.00000000E+00  0.00000000E+00  : max
#   1   1   1  0.000E+00  0.000E+00  0.000E+00  3.85280407E+00  3.85280407E+00  5.09461698E-01 -9.34013106E-01 -9.34013106E-01  6.17529338E-02 -1.46454369E-09  0.00000000E+00  0.00000000E+00  0.00000000E+00  : min
#   i   j   k      x          y          z           gxx             gyy             gzz             Kxx             Kyy             Kzz             Ham            Mom(x)          Mom(y)          Mom(z)     
    1   1   1  0.000E+00  0.000E+00  0.000E+00  3.85280407E+00  3.85280407E+00  5.09461698E-01 -9.34013106E-01 -9.34013106E-01  6.17529338E-02 -1.46454369E-09  0.00000000E+00  0.00000000E+00  0.00000000E+00 
    1   1   2  0.000E+00  0.000E+00  1.000E-01  3.85280407E+00  3.85280407E+00  5.09461698E-01 -9.34013106E-01 -9.34013106E-01  6.17529338E-02 -1.46454369E-09  0.00000000E+00  0.00000000E+00  0.00000000E+00 
    1   1   3  0.000E+00  0.000E+00  2.000E-01  3.85280407E+00  3.85280407E+00  5.09461698E-01 -9.34013106E-01 -9.34013106E-01  6.17529338E-02 -1.46454369E-09  0.00000000E+00  0.00000000E+00  0.00000000E+00 
    1   1   4  0.000E+00  0.000E+00  3.000E-01  3.85280407E+00  3.85280407E+00  5.09461698E-01 -9.34013106E-01 -9.34013106E-01  6.17529338E-02 -1.46454369E-09  0.00000000E+00  0.00000000E+00  0.00000000E+00 
    1   1   5  0.000E+00  0.000E+00  4.000E-01  3.85280407E+00  3.85280407E+00  5.09461698E-01 -9.34013106E-01 -9.34013106E-01  6.17529338E-02 -1.46454369E-09  0.00000000E+00  0.00000000E+00  0.00000000E+00 
    1   1   6  0.000E+00  0.000E+00  5.000E-01  3.85280407E+00  3.85280407E+00  5.09461698E-01 -9.34013106E-01 -9.34013106E-01  6.17529338E-02 -1.46454369E-09  0.00000000E+00  0.00000000E+00  0.00000000E+00 
    1   1   7  0.000E+00  0.000E+00  6.000E-01  3.85280407E+00  3.85280407E+00  5.09461698E-01 -9.34013106E-01 -9.34013106E-01  6.17529338E-02 -1.46454369E-09  0.00000000E+00  0.00000000E+00  0.00000000E+00 
    1   1   8  0.000E+00  0.000E+00  7.000E-01  3.85280407E+00  3.85280407E+00  5.09461698E-01 -9.34013106E-01 -9.34013106E-01  6.17529338E-02 -1.46454369E-09  0.00000000E+00  0.00000000E+00  0.00000000E+00 
    1   2   1  0.000E+00  1.000E-01  0.000E+00  3.85280407E+00  3.85280407E+00  5.09461698E-01 -9.34013106E-01 -9.34013106E-01  6.17529338E-02 -1.46454369E-09  0.00000000E+00  0.00000000E+00  0.00000000E+00 
    1   2   2  0.000E+00  1.000E-01  1.000E-01  3.85280407E+00  3.85280407E+00  5.09461698E-01 -9.34013106E-01 -9.34013106E-01  6.17529338E-02 -1.46454369E-09  0.00000000E+00  0.00000000E+00  0.00000000E+00 
    1   2   3  0.000E+00  1.000E-01  2.000E-01  3.85280407E+00  3.85280407E+00  5.09461698E-01 -9.34013106E-01 -9.34013106E-01  6.17529338E-02 -1.46454369E-09  0.00000000E+00  0.00000000E+00  0.00000000E+00 
    1   2   4  0.000E+00  1.000E-01  3.000E-01  3.85280407E+00  3.85280407E+00  5.09461698E-01 -9.34013106E-01 -9.34013106E-01  6.17529338E-02 -1.46454369E-09  0.00000000E+00  0.00000000E+00  0.00000000E+00 
    1   2   5  0.000E+00  1.000E-01  4.000E-01  3.85280407E+00  3.85280407E+00  5.09461698E-01 -9.34013106E-01 -9.34013106E-01  6.17529338E-02 -1.46454369E-09  0.00000000E+00  0.00000000E+00  0.00000000E+00 
    1   2   6  0.000E+00  1.000E-01  5.000E-01  3.85280407E+00  3.85280407E+00  5.09461698E-01 -9.34013106E-01 -9.34013106E-01  6.17529338E-02 -1.46454369E-09  0.00000000E+00  0.00000000E+00  0.00000000E+00 
    1   2   7  0.000E+00  1.000E-01  6.000E-01  3.85280407E+00  3.85280407E+00  5.09461698E-01 -9.34013106E-01 -9.34013106E-01  6.17529338E-02 -1.46454369E-09  0.00000000E+00  0.00000000E+00  0.00000000E+00 
    1   2   8  0.000E+00  1.000E-01  7.000E-01  3.85280407E+00  3.85280407E+00  5.09461698E-01 -9.34013106E-01 -9.34013106E-01  6.17529338E-02 -1.46454369E-09  0.00000000E+00  0.00000000E+00  0.00000000E+00 
    1   3   1  0.000E+00  2.000E-01  0.000E+00  3.85280407E+00  3.85280407E+00  5.09461698E-01 -9.34013106E-01 -9.34013106E-01  6.17529338E-02 -1.46454369E-09  0.00000000E+00  0.00000000E+00  0.00000000E+00 
    1   3   2  0.000E+00  2.000E-01  1.000E-01  3.85280407E+00  3.85280407E+00  5.09461698E-01 -9.34013106E-01 -9.34013106E-01  6.17529338E-02 -1.46454369E-09  0.00000000E+00  0.00000000E+00  0.00000000E+00 
    1   3   3  0.000E+00  2.000E-01  2.000E-01  3.85280407E+00  3.85280407E+00  5.09461698E-01 -9.34013106E-01 -9.34013106E-01  6.17529338E-02 -1.46454369E-09  0.00000000E+00  0.00000000E+00  0.00000000E+00 
    1   3   4  0.000E+00  2.000E-01  3.000E-01  3.85280407E+00  3.85280407E+00  5.09461698E-01 -9.34013106E-01 -9.34013106E-01  6.17529338E-02 -1.46454369E-09  0.00000000E+00  0.00000000E+00  0.00000000E+00 
    1   3   5  0.000E+00  2.000E-01  4.000E-01  3.85280407E+00  3.85280407E+00  5.09461698E-01 -9.34013106E-01 -9.34013106E-01  6.17529338E-02 -1.46454369E-09  0.00000000E+00  0.00000000E+00  0.00000000E+00 
    1   3   6  0.000E+00  2.000E-01  5.000E-01  3.85280407E+00  3.85280407E+00  5.09461698E-01 -9.34013106E-01 -9.34013106E-01  6.17529338E-02 -1.46454369E-09  0.00000000E+00  0.00000000E+00  0.00000000E+00 
    1   3   7  0.000E+00  2.000E-01  6.000E-01  3.85280407E+00  3.85280407E+00  5.09461698E-01 -9.34013106E-01 -9.34013106E-01  6.17529338E-02 -1.46454369E-09  0.00000000E+00  0.00000000E+00  0.00000000E+00 
    1   3   8  0.000E+00  2.000E-01  7.000E-01  3.85280407E+00  3.85280407E+00  5.09461698E-01 -9.34013106E-01 -9.34013106E-01  6.17529338E-02 -1.46454369E-09  0.00000000E+00  0.00000000E+00  0.00000000E+00 
    1   4   1  0.000E+00  3.000E-01  0.000E+00  3.85280407E+00  3.85280407E+00  5.09461698E-01 -9.34013106E-01 -9.34013106E-01  6.17529338E-02 -1.46454369E-09  0.00000000E+00  0.00000000E+00  0.00000000E+00 
    1   4   2  0.000E+00  3.000E-01  1.000E-01  3.85280407E+00  3.85280407E+00  5.09461698E-01 -9.34013106E-01 -9.34013106E-01  6.17529338E-02 -1.46454369E-09  0.00000000E+00  0.00000000E+00  0.00000000E+00 
    1   4   3  0.000E+00  3.000E-01  2.000E-01  3.85280407E+00  3.85280407E+00  5.09461698E-01 -9.34013106E-01 -9.34013106E-01  6.17529338E-02 -1.46454369E-09  0.00000000E+00  0.00000000E+00  0.00000000E+00 
    1   4   4  0.000E+00  3.000E-01  3.000E-01  3.85280407E+00  3.85280407E+00  5.09461698E-01 -9.34013106E-01 -9.34013106E-01  6.17529338E-02 -1.46454369E-09  0.00000000E+00  0.00000000E+00  0.00000000E+00 
    1   4   5  0.000E+00  3.000E-01  4.000E-01  3.85280407E+00  3.85280407E+00  5.09461698E-01 -9.34013106E-01 -9.34013106E-01  6.17529338E-02 -1.46454369E-09  0.00000000E+00  0.00000000E+00  0.00000000E+00 
    1   4   6  0.000E+00  3.000E-01  5.000E-01  3.85280407E+00  3.85280407E+00  5.09461698E-01 -9.34013106E-01 -9.34013106E-01  6.17529338E-02 -1.46454369E-09  0.00000000E+00  0.00000000E+00  0.00000000E+00 
    1   4   7  0.000E+00  3.000E-01  6.000E-01  3.85280407E+00  3.85280407E+00  5.09461698E-01 -9.34013106E-01 -9.34013106E-01  6.17529338E-02 -1.46454369E-09  0.00000000E+00  0.00000000E+00  0.00000000E+00 
    1   4   8  0.000E+00  3.000E-01  7.000E-01  3.85280407E+00  3.85280407E+00  5.09461698E-01 -9.34013106E-01 -9.34013106E-01  6.17529338E-02 -1.46454369E-09  0.00000000E+00  0.00000000E+00  0.00000000E+00 
    1   5   1  0.000E+00  4.000E-01  0.000E+00  3.85280407E+00  3.85280407E+00  5.09461698E-01 -9.34013106E-01 -9.34013106E-01  6.17529338E-02 -1.46454369E-09  0.00000000E+00  0.00000000E+00  0.00000000E+00 
    1   5   2  0.000E+00  4.000E-01  1.000E-01  3.85280407E+00  3.85280407E+00  5.09461698E-01 -9.34013106E-01 -9.34013106E-01  6.17529338E-02 -1.46454369E-09  0.00000000E+00  0.00000000E+00  0.00000000E+00 
    1   5   3  0.000E+00  4.000E-01  2.000E-01  3.85280407E+00  3.85280407E+00  5.09461698E-01 -9.34013106E-01 -9.34013106E-01  6.17529338E-02 -1.46454369E-09  0.00000000E+00  0.00000000E+00  0.00000000E+00 
    1   5   4  0.000E+00  4.000E-01  3.000E-01  3.85280407E+00  3.85280407E+00  5.09461698E-01 -9.34013106E-01 -9.34013106E-01  6.17529338E-02 -1.46454369E-09  0.00000000E+00  0.00000000E+00  0.00000000E+00 
    1   5   5  0.000E+00  4.000E-01  4.000E-01  3.85280407E+00  3.85280407E+00  5.09461698E-01 -9.34013106E-01 -9.34013106E-01  6.17529338E-02 -1.46454369E-09  0.00000000E+00  0.00000000E+00  0.00000000E+00 
    1   5   6  0.000E+00  4.000E-01  5.000E-01  3.85280407E+00  3.85280407E+00  5.09461698E-01 -9.34013106E-01 -9.34013106E-01  6.17529338E-02 -1.46454369E-09  0.00000000E+00  0.00000000E+00  0.00000000E+00 
    1   5   7  0.000E+00  4.000E-01  6.000E-01  3.85280407E+00  3.85280407E+00  5.09461698E-01 -9.34013106E-01 -9.34013106E-01  6.17529338E-02 -1.46454369E-09  0.00000000E+00  0.00000000E+00  0.00000000E+00 
    1   5   8  0.000E+00  4.000E-01  7.000E-01  3.85280407E+00  3.85280407E+00  5.09461698E-01 -9.34013106E-01 -9.34013106E-01  6.17529338E-02 -1.46454369E-09  0.00000000E+00  0.00000000E+00  0.00000000E+00 
    1   6   1  0.000E+00  5.000E-01  0.000E+00  3.85280407E+00  3.85280407E+00  5.09461698E-01 -9.34013106E-01 -9.34013106E-01  6.17529338E-02 -1.46454369E-09  0.00000000E+00  0.00000000E+00  0.00000000E+00 
    1   6   2  0.000E+00  5.000E-01  1.000E-01  3.85280407E+00  3.85280407E+00  5.09461698E-01 -9.34013106E-01 -9.34013106E-01  6.17529338E-02 -1.46454369E-09  0.00000000E+00  0.00000000E+00  0.00000000E+00 
    1   6   3  0.000E+00  5.000E-01  2.000E-01  3.85280407E+00  3.85280407E+00  5.09461698E-01 -9.34013106E-01 -9.34013106E-01  6.17529338E-02 -1.46454369E-09  0.00000000E+00  0.00000000E+00  0.00000000E+00 
    1   6   4  0.000E+00  5.000E-01  3.000E-01  3.85280407E+00  3.85280407E+00  5.09461698E-01 -9.34013106E-01 -9.34013106E-01  6.17529338E-02 -1.46454369E-09  0.00000000E+00  0.00000000E+00  0.00000000E+00 
    1   6   5  0.000E+00  5.000E-01  4.000E-01  3.85280407E+00  3.85280407E+00  5.09461698E-01 -9.34013106E-01 -9.34013106E-01  6.17529338E-02 -1.46454369E-09  0.00000000E+00  0.00000000E+00  0.00000000E+00 
    1   6   6  0.000E+00  5.000E-01  5.000E-01  3.85280407E+00  3.85280407E+00  5.09461698E-01 -9.34013106E-01 -9.34013106E-01  6.17529338E-02 -1.46454369E-09  0.00000000E+00  0.00000000E+00  0.00000000E+00 
    1   6   7  0.000E+00  5.000E-01  6.000E-01  3.85280407E+00  3.85280407E+00  5.09461698E-01 -9.34013106E-01 -9.34013106E-01  6.17529338E-02 -1.46454369E-09  0.00000000E+00  0.00000000E+00  0.00000000E+00 
    1   6   8  0.000E+00  5.000E-01  7.000E-01  3.85280407E+00  3.85280407E+00  5.09461698E-01 -9.34013106E-01 -9.34013106E-01  6.17529338E-02 -1.46454369E-09  0.00000000E+00  0.00000000E+00  0.00000000E+00 
    1   7   1  0.000E+00  6.000E-01  0.000E+00  3.85280407E+00  3.85280407E+00  5.09461698E-01 -9.34013106E-01 -9.34013106E-01  6.17529338E-02 -1.46454369E-09  0.00000000E+00  0.00000000E+00  0.00000000E+00 
    1   7   2  0.000E+00  6.000E-01  1.000E-01  3.85280407E+00  3.85280407E+00  5.09461698E-01 -9.34013106E-01 -9.34013106E-01  6.17529338E-02 -1.46454369E-09  0.00000000E+00  0.00000000E+00  0.00000000E+00 
    1   7   3  0.000E+00  6.000E-01  2.000E-01  3.85280407E+00  3.85280407E+00  5.09461698E-01 -9.34013106E-01 -9.34013106E-01  6.17529338E-02 -1.46454369E-09  0.00000000E+00  0.00000000E+00  0.00000000E+00 
    1   7   4  0.000E+00  6.000E-01  3.000E-01  3.85280407E+00  3.85280407E+00  5.09461698E-01 -9.34013106E-01 -9.34013106E-01  6.17529338E-02 -1.46454369E-09  0.00000000E+00  0.00000000E+00  0.00000000E+00 
    1   7   5  0.000E+00  6.000E-01  4.000E-01  3.85280407E+00  3.85280407E+00  5.09461698E-01 -9.34013106E-01 -9.34013106E-01  6.17529338E-02 -1.46454369E-09  0.00000000E+00  0.00000000E+00  0.00000000E+00 
    1   7   6  0.000E+00  6.000E-01  5.000E-01  3.85280407E+00  3.85280407E+00  5.09461698E-01 -9.34013106E-01 -9.34013106E-01  6.17529338E-02 -1.46454369E-09  0.00000000E+00  0.00000000E+00  0.00000000E+00 
    1   7   7  0.000E+00  6.000E-01  6.000E-01  3.85280407E+00  3.85280407E+00  5.09461698E-01 -9.34013106E-01 -9.34013106E-01  6.17529338E-02 -1.46454369E-09  0.00000000E+00  0.00000000E+00  0.00000000E+00 
    1   7   8  0.000E+00  6.000E-01  7.000E-01  3.85280407E+00  3.85280407E+00  5.09461698E-01 -9.34013106E-01 -9.34013106E-01  6.17529338E-02 -1.46454369E-09  0.00000000E+00  0.00000000E+00  0.00000000E+00 
    1   8   1  0.000E+00  7.000E-01  0.000E+00  3.85280407E+00  3.85280407E+00  5.09461698E-01 -9.34013106E-01 -9.34013106E-01  6.17529338E-02 -1.46454369E-09  0.00000000E+00  0.00000000E+00  0.00000000E+00 
    1   8   2  0.000E+00  7.000E-01  1.000E-01  3.85280407E+00  3.85280407E+00  5.09461698E-01 -9.34013106E-01 -9.34013106E-01  6.17529338E-02 -1.46454369E-09  0.00000000E+00  0.00000000E+00  0.00000000E+00 
    1   8   3  0.000E+00  7.000E-01  2.000E-01  3.85280407E+00  3.85280407E+00  5.09461698E-01 -9.34013106E-01 -9.34013106E-01  6.17529338E-02 -1.46454369E-09  0.00000000E+00  0.00000000E+00  0.00000000E+00 
    1   8   4  0.000E+00  7.000E-01  3.000E-01  3.85280407E+00  3.85280407E+00  5.09461698E-01 -9.34013106E-01 -9.34013106E-01  6.17529338E-02 -1.46454369E-09  0.00000000E+00  0.00000000E+00  0.00000000E+00 
    1   8   5  0.000E+00  7.000E-01  4.000E-01  3.85280407E+00  3.85280407E+00  5.09461698E-01 -9.34013106E-01 -9.34013106E-01  6.17529338E-02 -1.46454369E-09  0.00000000E+00  0.00000000E+00  0.00000000E+00 
    1   8   6  0.000E+00  7.000E-01  5.000E-01  3.85280407E+00  3.85280407E+00  5.09461698E-01 -9.34013106E-01 -9.34013106E-01  6.17529338E-02 -1.46454369E-09  0.00000000E+00  0.00000000E+00  0.00000000E+00 
    1   8   7  0.000E+00  7.000E-01  6.000E-01  3.85280407E+00  3.85280407E+00  5.09461698E-01 -9.34013106E-01 -9.34013106E-01  6.17529338E-02 -1.46454369E-09  0.00000000E+00  0.00000000E+00  0.00000000E+00 
    1   8   8  0.000E+00  7.000E-01  7.000E-01  3.85280407E+00  3.85280407E+00  5.09461698E-01 -9.34013106E-01 -9.34013106E-01  6.17529338E-02 -1.46454369E-09  0.00000000E+00  0.00000000E+00  0.00000000E+00 
