# 7 more lines before the data
# 64 rows of data
# 18 columns of data
#  6.00000000E+00 cauchy time
# 21:53 07-Oct-2019 today's date
#   8   8   1  7.000E-01  7.000E-01  0.000E+00  1.09027239E+01  1.09027239E+01  3.02853494E-01 -1.21141379E+00 -1.21141379E+00  1.68251887E-02  9.20206176E-09  0.00000000E+00  0.00000000E+00  0.00000000E+00  1.00000004E+00  3.39083532E-09  : max
#   1   1   1  0.000E+00  0.000E+00  0.000E+00  1.09027239E+01  1.09027239E+01  3.02853494E-01 -1.21141379E+00 -1.21141379E+00  1.68251887E-02  9.20206176E-09  0.00000000E+00  0.00000000E+00  0.00000000E+00  1.00000004E+00  3.39083532E-09  : min
#   i   j   k      x          y          z           gxx             gyy             gzz             Kxx             Kyy             Kzz             Ham            Mom(x)          Mom(y)          Mom(z)           detg           trABar     
    1   1   1  0.000E+00  0.000E+00  0.000E+00  1.09027239E+01  1.09027239E+01  3.02853494E-01 -1.21141379E+00 -1.21141379E+00  1.68251887E-02  9.20206176E-09  0.00000000E+00  0.00000000E+00  0.00000000E+00  1.00000004E+00  3.39083532E-09 
    1   2   1  0.000E+00  1.000E-01  0.000E+00  1.09027239E+01  1.09027239E+01  3.02853494E-01 -1.21141379E+00 -1.21141379E+00  1.68251887E-02  9.20206176E-09  0.00000000E+00  0.00000000E+00  0.00000000E+00  1.00000004E+00  3.39083532E-09 
    1   3   1  0.000E+00  2.000E-01  0.000E+00  1.09027239E+01  1.09027239E+01  3.02853494E-01 -1.21141379E+00 -1.21141379E+00  1.68251887E-02  9.20206176E-09  0.00000000E+00  0.00000000E+00  0.00000000E+00  1.00000004E+00  3.39083532E-09 
    1   4   1  0.000E+00  3.000E-01  0.000E+00  1.09027239E+01  1.09027239E+01  3.02853494E-01 -1.21141379E+00 -1.21141379E+00  1.68251887E-02  9.20206176E-09  0.00000000E+00  0.00000000E+00  0.00000000E+00  1.00000004E+00  3.39083532E-09 
    1   5   1  0.000E+00  4.000E-01  0.000E+00  1.09027239E+01  1.09027239E+01  3.02853494E-01 -1.21141379E+00 -1.21141379E+00  1.68251887E-02  9.20206176E-09  0.00000000E+00  0.00000000E+00  0.00000000E+00  1.00000004E+00  3.39083532E-09 
    1   6   1  0.000E+00  5.000E-01  0.000E+00  1.09027239E+01  1.09027239E+01  3.02853494E-01 -1.21141379E+00 -1.21141379E+00  1.68251887E-02  9.20206176E-09  0.00000000E+00  0.00000000E+00  0.00000000E+00  1.00000004E+00  3.39083532E-09 
    1   7   1  0.000E+00  6.000E-01  0.000E+00  1.09027239E+01  1.09027239E+01  3.02853494E-01 -1.21141379E+00 -1.21141379E+00  1.68251887E-02  9.20206176E-09  0.00000000E+00  0.00000000E+00  0.00000000E+00  1.00000004E+00  3.39083532E-09 
    1   8   1  0.000E+00  7.000E-01  0.000E+00  1.09027239E+01  1.09027239E+01  3.02853494E-01 -1.21141379E+00 -1.21141379E+00  1.68251887E-02  9.20206176E-09  0.00000000E+00  0.00000000E+00  0.00000000E+00  1.00000004E+00  3.39083532E-09 
    2   1   1  1.000E-01  0.000E+00  0.000E+00  1.09027239E+01  1.09027239E+01  3.02853494E-01 -1.21141379E+00 -1.21141379E+00  1.68251887E-02  9.20206176E-09  0.00000000E+00  0.00000000E+00  0.00000000E+00  1.00000004E+00  3.39083532E-09 
    2   2   1  1.000E-01  1.000E-01  0.000E+00  1.09027239E+01  1.09027239E+01  3.02853494E-01 -1.21141379E+00 -1.21141379E+00  1.68251887E-02  9.20206176E-09  0.00000000E+00  0.00000000E+00  0.00000000E+00  1.00000004E+00  3.39083532E-09 
    2   3   1  1.000E-01  2.000E-01  0.000E+00  1.09027239E+01  1.09027239E+01  3.02853494E-01 -1.21141379E+00 -1.21141379E+00  1.68251887E-02  9.20206176E-09  0.00000000E+00  0.00000000E+00  0.00000000E+00  1.00000004E+00  3.39083532E-09 
    2   4   1  1.000E-01  3.000E-01  0.000E+00  1.09027239E+01  1.09027239E+01  3.02853494E-01 -1.21141379E+00 -1.21141379E+00  1.68251887E-02  9.20206176E-09  0.00000000E+00  0.00000000E+00  0.00000000E+00  1.00000004E+00  3.39083532E-09 
    2   5   1  1.000E-01  4.000E-01  0.000E+00  1.09027239E+01  1.09027239E+01  3.02853494E-01 -1.21141379E+00 -1.21141379E+00  1.68251887E-02  9.20206176E-09  0.00000000E+00  0.00000000E+00  0.00000000E+00  1.00000004E+00  3.39083532E-09 
    2   6   1  1.000E-01  5.000E-01  0.000E+00  1.09027239E+01  1.09027239E+01  3.02853494E-01 -1.21141379E+00 -1.21141379E+00  1.68251887E-02  9.20206176E-09  0.00000000E+00  0.00000000E+00  0.00000000E+00  1.00000004E+00  3.39083532E-09 
    2   7   1  1.000E-01  6.000E-01  0.000E+00  1.09027239E+01  1.09027239E+01  3.02853494E-01 -1.21141379E+00 -1.21141379E+00  1.68251887E-02  9.20206176E-09  0.00000000E+00  0.00000000E+00  0.00000000E+00  1.00000004E+00  3.39083532E-09 
    2   8   1  1.000E-01  7.000E-01  0.000E+00  1.09027239E+01  1.09027239E+01  3.02853494E-01 -1.21141379E+00 -1.21141379E+00  1.68251887E-02  9.20206176E-09  0.00000000E+00  0.00000000E+00  0.00000000E+00  1.00000004E+00  3.39083532E-09 
    3   1   1  2.000E-01  0.000E+00  0.000E+00  1.09027239E+01  1.09027239E+01  3.02853494E-01 -1.21141379E+00 -1.21141379E+00  1.68251887E-02  9.20206176E-09  0.00000000E+00  0.00000000E+00  0.00000000E+00  1.00000004E+00  3.39083532E-09 
    3   2   1  2.000E-01  1.000E-01  0.000E+00  1.09027239E+01  1.09027239E+01  3.02853494E-01 -1.21141379E+00 -1.21141379E+00  1.68251887E-02  9.20206176E-09  0.00000000E+00  0.00000000E+00  0.00000000E+00  1.00000004E+00  3.39083532E-09 
    3   3   1  2.000E-01  2.000E-01  0.000E+00  1.09027239E+01  1.09027239E+01  3.02853494E-01 -1.21141379E+00 -1.21141379E+00  1.68251887E-02  9.20206176E-09  0.00000000E+00  0.00000000E+00  0.00000000E+00  1.00000004E+00  3.39083532E-09 
    3   4   1  2.000E-01  3.000E-01  0.000E+00  1.09027239E+01  1.09027239E+01  3.02853494E-01 -1.21141379E+00 -1.21141379E+00  1.68251887E-02  9.20206176E-09  0.00000000E+00  0.00000000E+00  0.00000000E+00  1.00000004E+00  3.39083532E-09 
    3   5   1  2.000E-01  4.000E-01  0.000E+00  1.09027239E+01  1.09027239E+01  3.02853494E-01 -1.21141379E+00 -1.21141379E+00  1.68251887E-02  9.20206176E-09  0.00000000E+00  0.00000000E+00  0.00000000E+00  1.00000004E+00  3.39083532E-09 
    3   6   1  2.000E-01  5.000E-01  0.000E+00  1.09027239E+01  1.09027239E+01  3.02853494E-01 -1.21141379E+00 -1.21141379E+00  1.68251887E-02  9.20206176E-09  0.00000000E+00  0.00000000E+00  0.00000000E+00  1.00000004E+00  3.39083532E-09 
    3   7   1  2.000E-01  6.000E-01  0.000E+00  1.09027239E+01  1.09027239E+01  3.02853494E-01 -1.21141379E+00 -1.21141379E+00  1.68251887E-02  9.20206176E-09  0.00000000E+00  0.00000000E+00  0.00000000E+00  1.00000004E+00  3.39083532E-09 
    3   8   1  2.000E-01  7.000E-01  0.000E+00  1.09027239E+01  1.09027239E+01  3.02853494E-01 -1.21141379E+00 -1.21141379E+00  1.68251887E-02  9.20206176E-09  0.00000000E+00  0.00000000E+00  0.00000000E+00  1.00000004E+00  3.39083532E-09 
    4   1   1  3.000E-01  0.000E+00  0.000E+00  1.09027239E+01  1.09027239E+01  3.02853494E-01 -1.21141379E+00 -1.21141379E+00  1.68251887E-02  9.20206176E-09  0.00000000E+00  0.00000000E+00  0.00000000E+00  1.00000004E+00  3.39083532E-09 
    4   2   1  3.000E-01  1.000E-01  0.000E+00  1.09027239E+01  1.09027239E+01  3.02853494E-01 -1.21141379E+00 -1.21141379E+00  1.68251887E-02  9.20206176E-09  0.00000000E+00  0.00000000E+00  0.00000000E+00  1.00000004E+00  3.39083532E-09 
    4   3   1  3.000E-01  2.000E-01  0.000E+00  1.09027239E+01  1.09027239E+01  3.02853494E-01 -1.21141379E+00 -1.21141379E+00  1.68251887E-02  9.20206176E-09  0.00000000E+00  0.00000000E+00  0.00000000E+00  1.00000004E+00  3.39083532E-09 
    4   4   1  3.000E-01  3.000E-01  0.000E+00  1.09027239E+01  1.09027239E+01  3.02853494E-01 -1.21141379E+00 -1.21141379E+00  1.68251887E-02  9.20206176E-09  0.00000000E+00  0.00000000E+00  0.00000000E+00  1.00000004E+00  3.39083532E-09 
    4   5   1  3.000E-01  4.000E-01  0.000E+00  1.09027239E+01  1.09027239E+01  3.02853494E-01 -1.21141379E+00 -1.21141379E+00  1.68251887E-02  9.20206176E-09  0.00000000E+00  0.00000000E+00  0.00000000E+00  1.00000004E+00  3.39083532E-09 
    4   6   1  3.000E-01  5.000E-01  0.000E+00  1.09027239E+01  1.09027239E+01  3.02853494E-01 -1.21141379E+00 -1.21141379E+00  1.68251887E-02  9.20206176E-09  0.00000000E+00  0.00000000E+00  0.00000000E+00  1.00000004E+00  3.39083532E-09 
    4   7   1  3.000E-01  6.000E-01  0.000E+00  1.09027239E+01  1.09027239E+01  3.02853494E-01 -1.21141379E+00 -1.21141379E+00  1.68251887E-02  9.20206176E-09  0.00000000E+00  0.00000000E+00  0.00000000E+00  1.00000004E+00  3.39083532E-09 
    4   8   1  3.000E-01  7.000E-01  0.000E+00  1.09027239E+01  1.09027239E+01  3.02853494E-01 -1.21141379E+00 -1.21141379E+00  1.68251887E-02  9.20206176E-09  0.00000000E+00  0.00000000E+00  0.00000000E+00  1.00000004E+00  3.39083532E-09 
    5   1   1  4.000E-01  0.000E+00  0.000E+00  1.09027239E+01  1.09027239E+01  3.02853494E-01 -1.21141379E+00 -1.21141379E+00  1.68251887E-02  9.20206176E-09  0.00000000E+00  0.00000000E+00  0.00000000E+00  1.00000004E+00  3.39083532E-09 
    5   2   1  4.000E-01  1.000E-01  0.000E+00  1.09027239E+01  1.09027239E+01  3.02853494E-01 -1.21141379E+00 -1.21141379E+00  1.68251887E-02  9.20206176E-09  0.00000000E+00  0.00000000E+00  0.00000000E+00  1.00000004E+00  3.39083532E-09 
    5   3   1  4.000E-01  2.000E-01  0.000E+00  1.09027239E+01  1.09027239E+01  3.02853494E-01 -1.21141379E+00 -1.21141379E+00  1.68251887E-02  9.20206176E-09  0.00000000E+00  0.00000000E+00  0.00000000E+00  1.00000004E+00  3.39083532E-09 
    5   4   1  4.000E-01  3.000E-01  0.000E+00  1.09027239E+01  1.09027239E+01  3.02853494E-01 -1.21141379E+00 -1.21141379E+00  1.68251887E-02  9.20206176E-09  0.00000000E+00  0.00000000E+00  0.00000000E+00  1.00000004E+00  3.39083532E-09 
    5   5   1  4.000E-01  4.000E-01  0.000E+00  1.09027239E+01  1.09027239E+01  3.02853494E-01 -1.21141379E+00 -1.21141379E+00  1.68251887E-02  9.20206176E-09  0.00000000E+00  0.00000000E+00  0.00000000E+00  1.00000004E+00  3.39083532E-09 
    5   6   1  4.000E-01  5.000E-01  0.000E+00  1.09027239E+01  1.09027239E+01  3.02853494E-01 -1.21141379E+00 -1.21141379E+00  1.68251887E-02  9.20206176E-09  0.00000000E+00  0.00000000E+00  0.00000000E+00  1.00000004E+00  3.39083532E-09 
    5   7   1  4.000E-01  6.000E-01  0.000E+00  1.09027239E+01  1.09027239E+01  3.02853494E-01 -1.21141379E+00 -1.21141379E+00  1.68251887E-02  9.20206176E-09  0.00000000E+00  0.00000000E+00  0.00000000E+00  1.00000004E+00  3.39083532E-09 
    5   8   1  4.000E-01  7.000E-01  0.000E+00  1.09027239E+01  1.09027239E+01  3.02853494E-01 -1.21141379E+00 -1.21141379E+00  1.68251887E-02  9.20206176E-09  0.00000000E+00  0.00000000E+00  0.00000000E+00  1.00000004E+00  3.39083532E-09 
    6   1   1  5.000E-01  0.000E+00  0.000E+00  1.09027239E+01  1.09027239E+01  3.02853494E-01 -1.21141379E+00 -1.21141379E+00  1.68251887E-02  9.20206176E-09  0.00000000E+00  0.00000000E+00  0.00000000E+00  1.00000004E+00  3.39083532E-09 
    6   2   1  5.000E-01  1.000E-01  0.000E+00  1.09027239E+01  1.09027239E+01  3.02853494E-01 -1.21141379E+00 -1.21141379E+00  1.68251887E-02  9.20206176E-09  0.00000000E+00  0.00000000E+00  0.00000000E+00  1.00000004E+00  3.39083532E-09 
    6   3   1  5.000E-01  2.000E-01  0.000E+00  1.09027239E+01  1.09027239E+01  3.02853494E-01 -1.21141379E+00 -1.21141379E+00  1.68251887E-02  9.20206176E-09  0.00000000E+00  0.00000000E+00  0.00000000E+00  1.00000004E+00  3.39083532E-09 
    6   4   1  5.000E-01  3.000E-01  0.000E+00  1.09027239E+01  1.09027239E+01  3.02853494E-01 -1.21141379E+00 -1.21141379E+00  1.68251887E-02  9.20206176E-09  0.00000000E+00  0.00000000E+00  0.00000000E+00  1.00000004E+00  3.39083532E-09 
    6   5   1  5.000E-01  4.000E-01  0.000E+00  1.09027239E+01  1.09027239E+01  3.02853494E-01 -1.21141379E+00 -1.21141379E+00  1.68251887E-02  9.20206176E-09  0.00000000E+00  0.00000000E+00  0.00000000E+00  1.00000004E+00  3.39083532E-09 
    6   6   1  5.000E-01  5.000E-01  0.000E+00  1.09027239E+01  1.09027239E+01  3.02853494E-01 -1.21141379E+00 -1.21141379E+00  1.68251887E-02  9.20206176E-09  0.00000000E+00  0.00000000E+00  0.00000000E+00  1.00000004E+00  3.39083532E-09 
    6   7   1  5.000E-01  6.000E-01  0.000E+00  1.09027239E+01  1.09027239E+01  3.02853494E-01 -1.21141379E+00 -1.21141379E+00  1.68251887E-02  9.20206176E-09  0.00000000E+00  0.00000000E+00  0.00000000E+00  1.00000004E+00  3.39083532E-09 
    6   8   1  5.000E-01  7.000E-01  0.000E+00  1.09027239E+01  1.09027239E+01  3.02853494E-01 -1.21141379E+00 -1.21141379E+00  1.68251887E-02  9.20206176E-09  0.00000000E+00  0.00000000E+00  0.00000000E+00  1.00000004E+00  3.39083532E-09 
    7   1   1  6.000E-01  0.000E+00  0.000E+00  1.09027239E+01  1.09027239E+01  3.02853494E-01 -1.21141379E+00 -1.21141379E+00  1.68251887E-02  9.20206176E-09  0.00000000E+00  0.00000000E+00  0.00000000E+00  1.00000004E+00  3.39083532E-09 
    7   2   1  6.000E-01  1.000E-01  0.000E+00  1.09027239E+01  1.09027239E+01  3.02853494E-01 -1.21141379E+00 -1.21141379E+00  1.68251887E-02  9.20206176E-09  0.00000000E+00  0.00000000E+00  0.00000000E+00  1.00000004E+00  3.39083532E-09 
    7   3   1  6.000E-01  2.000E-01  0.000E+00  1.09027239E+01  1.09027239E+01  3.02853494E-01 -1.21141379E+00 -1.21141379E+00  1.68251887E-02  9.20206176E-09  0.00000000E+00  0.00000000E+00  0.00000000E+00  1.00000004E+00  3.39083532E-09 
    7   4   1  6.000E-01  3.000E-01  0.000E+00  1.09027239E+01  1.09027239E+01  3.02853494E-01 -1.21141379E+00 -1.21141379E+00  1.68251887E-02  9.20206176E-09  0.00000000E+00  0.00000000E+00  0.00000000E+00  1.00000004E+00  3.39083532E-09 
    7   5   1  6.000E-01  4.000E-01  0.000E+00  1.09027239E+01  1.09027239E+01  3.02853494E-01 -1.21141379E+00 -1.21141379E+00  1.68251887E-02  9.20206176E-09  0.00000000E+00  0.00000000E+00  0.00000000E+00  1.00000004E+00  3.39083532E-09 
    7   6   1  6.000E-01  5.000E-01  0.000E+00  1.09027239E+01  1.09027239E+01  3.02853494E-01 -1.21141379E+00 -1.21141379E+00  1.68251887E-02  9.20206176E-09  0.00000000E+00  0.00000000E+00  0.00000000E+00  1.00000004E+00  3.39083532E-09 
    7   7   1  6.000E-01  6.000E-01  0.000E+00  1.09027239E+01  1.09027239E+01  3.02853494E-01 -1.21141379E+00 -1.21141379E+00  1.68251887E-02  9.20206176E-09  0.00000000E+00  0.00000000E+00  0.00000000E+00  1.00000004E+00  3.39083532E-09 
    7   8   1  6.000E-01  7.000E-01  0.000E+00  1.09027239E+01  1.09027239E+01  3.02853494E-01 -1.21141379E+00 -1.21141379E+00  1.68251887E-02  9.20206176E-09  0.00000000E+00  0.00000000E+00  0.00000000E+00  1.00000004E+00  3.39083532E-09 
    8   1   1  7.000E-01  0.000E+00  0.000E+00  1.09027239E+01  1.09027239E+01  3.02853494E-01 -1.21141379E+00 -1.21141379E+00  1.68251887E-02  9.20206176E-09  0.00000000E+00  0.00000000E+00  0.00000000E+00  1.00000004E+00  3.39083532E-09 
    8   2   1  7.000E-01  1.000E-01  0.000E+00  1.09027239E+01  1.09027239E+01  3.02853494E-01 -1.21141379E+00 -1.21141379E+00  1.68251887E-02  9.20206176E-09  0.00000000E+00  0.00000000E+00  0.00000000E+00  1.00000004E+00  3.39083532E-09 
    8   3   1  7.000E-01  2.000E-01  0.000E+00  1.09027239E+01  1.09027239E+01  3.02853494E-01 -1.21141379E+00 -1.21141379E+00  1.68251887E-02  9.20206176E-09  0.00000000E+00  0.00000000E+00  0.00000000E+00  1.00000004E+00  3.39083532E-09 
    8   4   1  7.000E-01  3.000E-01  0.000E+00  1.09027239E+01  1.09027239E+01  3.02853494E-01 -1.21141379E+00 -1.21141379E+00  1.68251887E-02  9.20206176E-09  0.00000000E+00  0.00000000E+00  0.00000000E+00  1.00000004E+00  3.39083532E-09 
    8   5   1  7.000E-01  4.000E-01  0.000E+00  1.09027239E+01  1.09027239E+01  3.02853494E-01 -1.21141379E+00 -1.21141379E+00  1.68251887E-02  9.20206176E-09  0.00000000E+00  0.00000000E+00  0.00000000E+00  1.00000004E+00  3.39083532E-09 
    8   6   1  7.000E-01  5.000E-01  0.000E+00  1.09027239E+01  1.09027239E+01  3.02853494E-01 -1.21141379E+00 -1.21141379E+00  1.68251887E-02  9.20206176E-09  0.00000000E+00  0.00000000E+00  0.00000000E+00  1.00000004E+00  3.39083532E-09 
    8   7   1  7.000E-01  6.000E-01  0.000E+00  1.09027239E+01  1.09027239E+01  3.02853494E-01 -1.21141379E+00 -1.21141379E+00  1.68251887E-02  9.20206176E-09  0.00000000E+00  0.00000000E+00  0.00000000E+00  1.00000004E+00  3.39083532E-09 
    8   8   1  7.000E-01  7.000E-01  0.000E+00  1.09027239E+01  1.09027239E+01  3.02853494E-01 -1.21141379E+00 -1.21141379E+00  1.68251887E-02  9.20206176E-09  0.00000000E+00  0.00000000E+00  0.00000000E+00  1.00000004E+00  3.39083532E-09 
